0 0 0.45935 0.043056667187499995 0.3801366671875 0.056943332812500004 0.3384466671875 0.1194433328125 0.28147 0.1819433328125 0.18419000000000002 0.16944333281249999 0.1661233328125 0.10694333281249999 0.20920333281249998 0.0652766671875 0.2411666671875 0.0375 0.2564533328125 0 0.3064833328125 0 0.45935
0 0.0152766671875 0.5746966671875 0.029166667187500002 0.6233366671875 0.0277766671875 0.69838 0.056943332812500004 0.64974 0.04861 0.5774766671875 0.07083333281250001 0.5260566671875 0.1152766671875 0.46352000000000004 0.14861 0.41071 0.18055666718750002 0.32733 0.1819433328125 0.28264 0.1152766671875 0.3453966671875 0.0944433328125 0.37597 0.0069433328124999995 0.5330066671875 0.0152766671875 0.5746966671875
0 0.5097233328125 0.3592933328125 0.5180566671875 0.3995933328125 0.5680566671875 0.4454533328125 0.6569433328125001 0.51911 0.7055566671875 0.5733066671875 0.7902766671875 0.6553 0.83611 0.7150566671874999 0.8486100000000001 0.7595266671875 0.8861100000000001 0.8095566671875 0.8819433328124999 0.8178933328125 0.8166666671874999 0.7650866671875 0.7611100000000001 0.7164466671875 0.68611 0.65391 0.6527766671874999 0.6288966671875 0.6027766671875 0.56358 0.5736100000000001 0.5399533328125 0.5125 0.4788066671875 0.45138999999999996 0.4273866671875 0.44027666718749997 0.4329466671875 0.4652766671875 0.4746366671875 0.5430566671875 0.5413433328125 0.6430566671875 0.6441833328125 0.7708333328125 0.7567466671874999 0.8444433328125 0.8151166671875 0.9527766671875 0.8957200000000001 0.9966666671875 0.9471366671875 0.9966666671875 0.8818199999999999 0.9402766671875 0.8081666671875001 0.8625 0.7094966671875 0.8 0.6427933328125001 0.7583333328124999 0.5885933328124999 0.6375 0.47186000000000006 0.5347233328125001 0.37458 0.4555566671875 0.29536666718750004 0.35 0.19947666718749998 0.25694333281250004 0.1147033328125 0.22361 0.08969 0.31527666718749997 0.1911366671875 0.3944433328125 0.26896 0.4527766671875 0.3176 0.5097233328125 0.3592933328125
0 0.6319433328125 0 0.7944433328125 0.10914666718749999 0.9966666671875 0.2675733328125 0.9966666671875 0.19947666718749998 0.9222233328125 0.12443333281249999 0.8486100000000001 0.06467666718750001 0.7611100000000001 0 0.6319433328125 0
0 0.9027766671874999 0.43850666718750003 0.9180566671875001 0.3606833328125 0.9055566671875 0.31482333281249997 0.8805566671875 0.2965266671875 0.8486100000000001 0.3398366671875 0.87361 0.41487999999999997 0.9097233328125001 0.50799 0.9027766671874999 0.43850666718750003
0 0.7222233328125001 0.5330066671875 0.7319433328125 0.56636 0.7680566671875 0.60249 0.7291666671875 0.36763 0.6930566671875 0.3440066671875 0.6611100000000001 0.31204333281249996 0.6138899999999999 0.2453366671875 0.5916666671875 0.20781333281249997 0.5125 0.08691 0.5 0.11748333281250001 0.5277766671874999 0.1577866671875 0.49722333281250003 0.14111 0.49027666718749996 0.14791666718750002 0.55 0.2036466671875 0.64861 0.32316 0.6986100000000001 0.3982033328125 0.7222233328125001 0.5330066671875
0 0.9694433328125 0.7206166671875 0.9966666671875 0.6358433328124999 0.9966666671875 0.5913733328124999 0.9569433328124999 0.6914333328125 0.92361 0.79288 0.9347233328125 0.8109466671875 0.9694433328125 0.7206166671875
0 0.9819433328124999 0.8540266671875001 0.9966666671875 0.88738 0.9966666671875 0.70533 0.9527766671875 0.8165066671875 0.9638899999999999 0.84152 0.98611 0.79983 0.9819433328124999 0.8540266671875001
0 0.9375 0.9966666671875 0.9966666671875 0.9966666671875 0.9958333328125001 0.9415800000000001 0.9666666671874999 0.9207333328124999 0.9694433328125 0.9721533328125 0.95 0.9582566671875 0.9458333328125 0.8957200000000001 0.93611 0.89294 0.9069433328125 0.9652033328125 0.88889 0.9624233328124999 0.9194433328124999 0.8804299999999999 0.9041666671874999 0.8659733328125 0.8486100000000001 0.9966666671875 0.9111100000000001 0.9966666671875 0.9277766671875 0.9471366671875 0.9375 0.9966666671875
0 0.8222233328125 0.8743066671875 0.7902766671875 0.9966666671875 0.8472233328125001 0.9966666671875 0.8486100000000001 0.9457466671875 0.8222233328125 0.8743066671875
0 0.0180566671875 0.2425566671875 0.0319433328125 0.2495066671875 0.0319433328125 0.1536166671875 0.026390000000000004 0.0020833328125000002 0.01389 0 0.0152766671875 0.0660633328125 0.0180566671875 0.2425566671875
0 0.6194433328125 0.06875 0.6319433328125 0.12026333281249998 0.6444433328125 0.1286 0.6319433328125 0.07023333281250001 0.6194433328125 0.06875
0 0.7527766671875 0.28008 0.7805566671874999 0.2495066671875 0.7611100000000001 0.25228666718750004 0.7527766671875 0.2578433328125 0.7305566671875 0.27035 0.6958333328124999 0.2773 0.675 0.2397766671875 0.6652766671875 0.17724 0.6513899999999999 0.1715266671875 0.6611100000000001 0.2439466671875 0.6819433328125 0.28841666718750003 0.7194433328125001 0.28980666718750003 0.7527766671875 0.28008
0 0.22639 0.6219466671875 0.2152766671875 0.56358 0.20694333281250002 0.55486 0.1819433328125 0.6261166671875 0.2402766671875 0.7094966671875 0.22777666718749998 0.6622466671875 0.22639 0.6219466671875
