0 0.2050966671875 0.9966666671875 0.25686333281249996 0.9966666671875 0.1627466671875 0.8771766671875 0.1031366671875 0.7751833328125 0.0027466671875000003 0.64024 0 0.7532166671875 0.09842999999999999 0.88659 0.2050966671875 0.9966666671875
0 0.35568666718749997 0.05809666718749999 0.4482366671875 0.00004 0.28196 0 0.17451 0.1631366671875 0.18157 0.1836266671875 0.2662733328125 0.13969333281250002 0.35568666718749997 0.05809666718749999
0 0.5815699999999999 0.054959999999999995 0.66157 0.056530000000000004 0.70392 0.03613 0.6066666671875 0.014163332812500002 0.5203933328125 0.0125933328125 0.3713733328125 0.0847733328125 0.29294 0.1820566671875 0.4231366671875 0.1444 0.5156866671875 0.07221999999999999 0.5815699999999999 0.054959999999999995
0 0.6082366671874999 0.7767533328125 0.7133333328125 0.8677633328125 0.7996066671875 0.9336633328125 0.8937266671874999 0.9966666671875 0.9360799999999999 0.9870133328125 0.8843133328125001 0.9352333328125001 0.8137266671875001 0.8301033328124999 0.7117633328124999 0.7202633328125 0.5501966671875 0.55237 0.44353 0.43311666718749997 0.43568666718750004 0.45037666718749997 0.5721566671875 0.5994433328125 0.67098 0.69516 0.7917633328125 0.8442266671875001 0.7949033328125 0.8740366671875 0.7149033328125001 0.83795 0.61294 0.7438 0.48274666718750003 0.6135666671875 0.3901966671875 0.52196 0.37294 0.5382466671875 0.47804 0.6480866671875 0.6082366671874999 0.7767533328125
0 0.9966666671875 0.8410866671875 0.9966666671875 0.7893066671875 0.8717633328125001 0.8222566671875 0.9966666671875 0.8410866671875
0 0.3933333328125 0.73125 0.59098 0.7642 0.5643133328125 0.7249733328125 0.37608 0.69516 0.3933333328125 0.73125
0 0.94392 0.8787466671875 0.9894133328124999 0.9085599999999999 0.9966666671875 0.8583466671875 0.94392 0.8787466671875
0 0.77608 0.9273866671875 0.59255 0.9964299999999999 0.6317633328125 0.9966666671875 0.7996066671875 0.9415100000000001 0.77608 0.9273866671875
0 0.9392166671875 0.9273866671875 0.9533333328125 0.9415100000000001 0.9815699999999999 0.9493566671875 0.9800000000000001 0.9634766671874999 0.9250966671875 0.9791700000000001 0.8043133328125001 0.9838766671875 0.84196 0.9666166671875001 0.8078433328125 0.9533333328125 0.6992166671875 0.9966666671875 0.9966666671875 0.9966666671875 0.9966666671875 0.9273866671875 0.9392166671875 0.9273866671875
0 0.32745 0.8494133328125001 0.3337266671875 0.9164033328125001 0.49215666718750006 0.8991433328125 0.45450999999999997 0.8771766671875 0.32745 0.8494133328125001
