0 0.37337 0 0.4827566671875 0.31609 0.53452 0.3024233328125 0.5208466671875 0.1667166671875 0.49935999999999997 0.1354766671875 0.46810666718749994 0.1325466671875 0.4251333328125 0 0.37337 0
0 0.7874733328125 0.22236666718749998 0.79138 0.2311533328125 0.7523133328125 0.25556 0.7484066671875 0.27898999999999996 0.7767299999999999 0.28485 0.77087 0.3287833328125 0.7112933328125 0.38248000000000004 0.7132466671875 0.42934 0.82068 0.361 0.8079833328125 0.2594666671875 0.8314233328125 0.20870000000000002 0.8363066671875 0.1774566671875 0.8538866671875001 0.17648 0.86463 0.20870000000000002 0.9466666671875 0.1833133328125 0.9251799999999999 0.13938 0.9593633328125 0.0993533328125 0.8900233328124999 0.12669 0.8138433328125 0.1647666671875 0.7679400000000001 0.1989366671875 0.71813 0.21455666718750002 0.65953 0.24775 0.6106966671875 0.27020333281250003 0.54359 0.29774 0.5608866671875 0.3619766671875 0.6526933328125 0.3131633328125 0.66539 0.2809433328125 0.7874733328125 0.22236666718749998
0 0.49154666718750006 0 0.46517666718750006 0.0329666671875 0.44564333281249996 0.0856866671875 0.35286 0.29754 0.30012 0.38443 0.23565999999999998 0.47327333281249995 0.18878333281249998 0.5142766671875 0.2461533328125 0.4938933328125 0.31477 0.39517 0.4007166671875 0.2418933328125 0.47592 0.0612766671875 0.49154666718750006 0
0 0.09307 0.9848533328125001 0.15460000000000002 0.9370133328125 0.22491666718749997 0.8989366671875001 0.2659366671875 0.8686733328124999 0.3303966671875 0.8403600000000001 0.35579 0.8120466671875001 0.3889966671875 0.77983 0.43783000000000005 0.7603033328125 0.4593166671875 0.7437066671875 0.4358766671875 0.7075833328125001 0.4329466671875 0.67732 0.40169333281249997 0.6441266671875 0.34602333281250003 0.6685333328125 0.2932833328125 0.7368733328125 0.25617 0.8227866671875 0.19562 0.8618399999999999 0.06670000000000001 0.91944 0.0217933328125 0.9644066671875 0.0081 0.9966666671875 0.06377000000000001 0.9966666671875 0.09307 0.9848533328125001
0 0.20343333281249998 0.9966666671875 0.24738000000000002 0.9966666671875 0.2551933328125 0.9028433328125001 0.2542166671875 0.88527 0.20148000000000002 0.9135833328125 0.20343333281249998 0.9966666671875
0 0.8812333328124999 0.67146 0.9329933328125 0.6226466671875001 0.9769433328125 0.5240400000000001 0.9857333328125 0.42934 0.9730366671875 0.44105666718750003 0.9593633328125 0.5093966671875 0.93983 0.5494233328125 0.9066233328125 0.5923833328125 0.8490033328125 0.6275266671875 0.78552 0.6382666671874999 0.7200833328125 0.6158133328125001 0.7015266671875 0.6070266671875 0.6538466671875 0.64133 0.73864 0.7036800000000001 0.7923566671875 0.7056333328125 0.8402133328125 0.6870833328125 0.8812333328124999 0.67146
0 0.49447666718749994 0.9966666671875 0.5423333328125 0.9966666671875 0.5911633328125 0.8989366671875001 0.68846 0.7079966671875 0.60972 0.6841533328125 0.5735833328125 0.78764 0.49447666718749994 0.9966666671875
0 0.9945233328124999 0.75054 0.9966666671875 0.6890333328125 0.9466666671875 0.8188833328125 0.8880699999999999 0.9965666671875001 0.91053 0.9966666671875 0.9945233328124999 0.75054
0 0.5823733328125 0.1335233328125 0.5551266671875 0.12081666718749999 0.54331 0.2018633328125 0.5442866671875 0.2438466671875 0.5423333328125 0.2887533328125 0.5823733328125 0.1335233328125
0 0.76501 0.5572366671875 0.8675599999999999 0.46741666718749997 0.98085 0.3941933328125 0.9966666671875 0.37467 0.9193199999999999 0.4078633328125 0.8216566671875001 0.4986566671875 0.7601266671875 0.5259933328125 0.7054333328125 0.5669966671875 0.64781 0.6187433328124999 0.5141033328125 0.71569 0.5403800000000001 0.7232066671874999 0.6898066671875 0.6158133328125001 0.76501 0.5572366671875
