0 0.2405433328125 0.9966666671875 0.3743466671875 0.9966666671875 0.1878066671875 0.8813633328125 0.0012633328124999998 0.74273 0 0.79545 0.1497166671875 0.9340833328124999 0.2405433328125 0.9966666671875
0 0.82947 0.83255 0.8880699999999999 0.7837366671875 0.9769433328125 0.7163700000000001 0.9955 0.6919633328125 0.9966666671875 0.6001933328125 0.98378 0.6197166671875001 0.92225 0.68806 0.8763500000000001 0.74859 0.8392366671874999 0.7915466671875 0.82947 0.83255
0 0.9290866671875 0.4908466671875 0.8675599999999999 0.56895 0.8363066671875 0.6333866671874999 0.8148199999999999 0.7202766671874999 0.8499800000000001 0.67732 0.8831866671874999 0.66951 0.9202966671875 0.60605 0.9652233328125 0.50549 0.9847566671875001 0.47718 0.9857333328125 0.43227000000000004 0.9769433328125 0.36880999999999997 0.9662000000000001 0.3063266671875 0.9456899999999999 0.34538 0.94862 0.38443 0.9466666671875 0.4469133328125 0.9290866671875 0.4908466671875
0 0 0.11107 0.0764666671875 0.2047933328125 0.15460000000000002 0.3092566671875 0.30695666718750003 0.47034666718749996 0.47592 0.6382666671874999 0.49057000000000006 0.6197166671875001 0.44955 0.56895 0.3274666671875 0.45179666718749995 0.1995266671875 0.3258533328125 0.1526466671875 0.2623933328125 0.1565533328125 0.22822333281249998 0.1243233328125 0.20772333281250002 0.1292066671875 0.18038666718750002 0.18975999999999998 0.2311533328125 0.2757033328125 0.30535 0.35774333281250004 0.38833666718750004 0.42611 0.46058333281249997 0.5413566671875001 0.5669966671875 0.5589333328125 0.55821 0.47885 0.4840133328125 0.3421166671875 0.3492833328125 0.2092933328125 0.22822333281249998 0.1253 0.15793 0.0334933328125 0.09349666718750001 0 0.06518333281250001 0 0.11107
0 0.17511000000000002 0.12473666718750001 0.20343333281249998 0 0.1538466671875 0.0015866671874999998 0.17511000000000002 0.12473666718750001
0 0 0.4117666671875 0.0237266671875 0.3541666671875 0.07256 0.20088666718749998 0.0569333328125 0.19600666718749998 0 0.36440666718750003 0 0.4117666671875
0 0.0442366671875 0 0.055956667187499996 0.0729933328125 0.0530266671875 0.10813999999999999 0.0676766671875 0.10423666718749999 0.07842 0.056396667187500006 0.0686533328125 0.0466333328125 0.0686533328125 0 0.0442366671875 0
0 0.11065 0.08177999999999999 0.1419033328125 0 0.08974333281249999 0.0015866671874999998 0.11065 0.08177999999999999
0 0 0.2994933328125 0.047436667187499997 0.1797933328125 0.035446667187499996 0.15695333281249998 0.01396 0.21358000000000002 0.01689 0.1325466671875 0 0.1149733328125 0 0.2994933328125
0 0.004193332812500001 0 0.0032166671874999998 0.06616 0.03205 0.0772266671875 0.03154 0 0.004193332812500001 0
0 0.44173666718750004 0.8130233328124999 0.5003366671875 0.8579333328125 0.5003366671875 0.84817 0.48178 0.8237633328125 0.4241566671875 0.77202 0.37044 0.69782 0.32063 0.6314333328124999 0.3010966671875 0.6001933328125 0.2747266671875 0.4810833328125 0.2600766671875 0.4195766671875 0.23273000000000002 0.40591 0.27961 0.6392433328125 0.2874233328125 0.6216700000000001 0.29170050937499997 0.636939890625 0.2962133328125 0.6343633328125 0.3303966671875 0.6763433328125 0.44173666718750004 0.8130233328124999
0 0.2581233328125 0.7310166671875 0.2844933328125 0.7212533328124999 0.30891 0.7310166671875 0.3196533328125 0.7554233328125 0.3372333328125 0.8257166671875 0.35969666718750004 0.9204166671875 0.3743466671875 0.9418933328125 0.37239333281250003 0.9028433328125001 0.34602333281250003 0.7778766671875 0.32160666718750003 0.7241799999999999 0.3000163234375 0.6666280828125 0.31477 0.7192999999999999 0.29816666718749996 0.7105133328125001 0.2727733328125 0.7105133328125001 0.2434733328125 0.7310166671875 0.2229666671875 0.7544466671875 0.22882666718750003 0.7573766671875 0.2581233328125 0.7310166671875
0 0.12041666718749999 0.7027033328125001 0.13116 0.6812233328125 0.1526466671875 0.6607233328125 0.1409266671875 0.6324099999999999 0.1253 0.56895 0.1174866671875 0.53185 0.0910266671875 0.5182533328125001 0.09990666718749999 0.5601633328125 0.08232666718750001 0.6167900000000001 0.0852566671875 0.6685333328125 0.12041666718749999 0.7027033328125001
