0 0.20734 0 0.11846333281250002 0.0886133328125 0.055956667187499996 0.1667166671875 0 0.2497033328125 0.0012833328124999999 0.3682533328125 0.1253 0.1813633328125 0.2591 0 0.20734 0
0 0.8900233328124999 0 0.8031 0.07104 0.7239899999999999 0.1276666671875 0.6194866671875 0.21748666718749998 0.5091266671875 0.3326866671875 0.37629999999999997 0.46839333281249995 0.27961 0.56114 0.17022666718749999 0.6822 0.096 0.7564 0.0920933328125 0.7808066671875 0.20538666718749998 0.6607233328125 0.3137933328125 0.5464966671875 0.3684866671875 0.48010666718749995 0.3870433328125 0.4859666671875 0.4280633328125 0.4459366671875 0.5296366671875 0.33464 0.6634366671875 0.2038166671875 0.7200833328125 0.15695333281249998 0.7493833328124999 0.1481666671875 0.78259 0.14621666718749998 0.7972400000000001 0.11302333281250002 0.8079833328125 0.1149733328125 0.8021233328124999 0.14523999999999998 0.7552433328125 0.19796 0.7073866671875 0.2663 0.61851 0.3492833328125 0.5452633328125 0.41372 0.5120566671875 0.4596066671875 0.4270866671875 0.5523533328125 0.43880666718750005 0.5591866671875 0.5188933328124999 0.4840133328125 0.5843266671875 0.40591 0.63023 0.3629533328125 0.71227 0.2838733328125 0.8001699999999999 0.1755033328125 0.8831866671874999 0.06811333281250001 0.9378766671875001 0 0.8900233328124999 0
0 0.3987633328125 0.9966666671875 0.3665333328125 0.9653266671875 0.3177 0.91163 0.2610533328125 0.8725766671875 0.22980333281249998 0.8403600000000001 0.1829233328125 0.8159533328125 0.1730766671875 0.84005 0.2171066671875 0.8950333328125 0.2395666671875 0.9477533328125001 0.30012 0.9926633328125 0.3987633328125 0.9966666671875
0 0.53452 0.99071 0.6810166671875 0.9663033328124999 0.6702733328125 0.9458 0.5980000000000001 0.9497066671875001 0.5188933328124999 0.9311566671874999 0.48959333281250006 0.9028433328125001 0.4241566671875 0.8657433328125 0.38802 0.8471933328125001 0.29133 0.8140000000000001 0.2893766671875 0.8227866671875 0.35774333281250004 0.8989366671875001 0.4251333328125 0.9272500000000001 0.49838333281249997 0.9692299999999999 0.53452 0.99071
0 0.4866633328125 0.0856866671875 0.44759666718749996 0.10033 0.4075533328125 0.09252 0.34797666718750003 0.08177999999999999 0.3196533328125 0.08763666718749999 0.33235000000000003 0.10423666718749999 0.3372333328125 0.11985666718750002 0.33718 0.15030666718750002 0.41048333281250005 0.1286433328125 0.46322333281250005 0.11107 0.48959333281250006 0.10423666718749999 0.4866633328125 0.0856866671875
0 0.7894266671875 0.07397000000000001 0.8031 0.05835 0.7103166671875 0.029060000000000002 0.6410266671875 0.00287 0.5999533328125 0 0.7142233328125001 0.0485866671875 0.7894266671875 0.07397000000000001
0 0.9966666671875 0.15793 0.9603400000000001 0.1520733328125 0.8743966671875001 0.17941000000000001 0.9290866671875 0.18917333281249998 0.9966666671875 0.20284 0.9966666671875 0.15793
0 0.9759666671874999 0.13743 0.9966666671875 0.1364533328125 0.9925700000000001 0.10911666718749999 0.9769433328125 0.10325999999999999 0.95448 0.10521 0.8802566671875001 0.08666333281250001 0.8714666671875 0.0983766671875 0.8919766671874999 0.10423666718749999 0.9759666671874999 0.13743
0 0.6966433328125 0 0.6974366671875 0.0079966671875 0.8245866671875 0.0417533328125 0.8392366671874999 0.0358933328125 0.77966 0.014416667187500001 0.86463 0.019296667187499998 0.88514 0 0.6966433328125 0
0 0.9966666671875 0.06323 0.9966666671875 0.03687 0.9935466671875 0.0017233328125 0.9388533328124999 0.0056300000000000005 0.9329933328125 0.029060000000000002 0.98964 0.0398 0.9769433328125 0.04468 0.94276 0.0495633328125 0.9144366671874999 0.0612766671875 0.9271333328125 0.07885 0.9966666671875 0.10521 0.9966666671875 0.0856866671875 0.9505733328125 0.0700633328125 0.9966666671875 0.06323
0 0.3567666671875 0.29851666718750003 0.3518833328125 0.3102333328125 0.22687 0.4068866671875 0.1565533328125 0.4781566671875 0.1467866671875 0.5093966671875 0.24152 0.41079 0.33625666718749997 0.3541666671875 0.4036466671875 0.2994933328125 0.57436 0.26825333281249997 0.58921 0.2438466671875 0.47885 0.2663 0.3567666671875 0.29851666718750003
