0 0.7972400000000001 0.9966666671875 0.9095533328125001 0.8823399999999999 0.9447133328125 0.8413366671875 0.9964766671874999 0.75347 0.9966666671875 0.64005 0.9056466671875001 0.7603033328125 0.82947 0.8823399999999999 0.7503599999999999 0.9966666671875 0.7972400000000001 0.9966666671875
0 0.6341366671875 0.7173466671875001 0.6321833328124999 0.69294 0.4241566671875 0.7358966671875 0.4075533328125 0.7603033328125 0.5188933328124999 0.7446833328125 0.6341366671875 0.7173466671875001
0 0.47592 0.6451 0.4056 0.7183233328124999 0.33332666718750004 0.7925233328125 0.2776566671875 0.8354799999999999 0.23468333281249998 0.8403600000000001 0.1829233328125 0.8911266671875 0.1839 0.8676966671875 0.2092933328125 0.8345033328125 0.2727733328125 0.7739733328125 0.29719 0.73004 0.32453666718749996 0.69782 0.3743466671875 0.6548633328125 0.4339233328125 0.6167900000000001 0.45541 0.5816433328125 0.4837333328125 0.5504 0.5325666671875 0.4947533328125 0.5735833328125 0.44496 0.5589333328125 0.43715000000000004 0.4954533328125 0.5103733328125 0.3870433328125 0.6148366671875001 0.3020733328125 0.7046566671875001 0.22687 0.7934966671875 0.1301833328125 0.91163 0.0530266671875 0.9966666671875 0.10576666718750001 0.9966666671875 0.20343333281249998 0.9282266671875 0.2747266671875 0.86965 0.34602333281250003 0.8120466671875001 0.46127 0.70075 0.5501466671874999 0.61093 0.6312066671875 0.5279466671875 0.61265 0.5142766671875 0.55796 0.5650466671875 0.5179166671875 0.6138600000000001 0.47592 0.6451
0 0.9173666671875 0.21846000000000002 0.90174 0.22041333281250003 0.8079833328125 0.32195 0.7493833328124999 0.37955 0.6907833328125 0.4469133328125 0.6497633328125 0.49573 0.6468333328125 0.5142766671875 0.7230133328125 0.43715000000000004 0.7816133328125 0.3649066671875 0.8548633328124999 0.2858266671875 0.9173666671875 0.21846000000000002
0 0.5999533328125 0.1491433328125 0.6497633328125 0.16574 0.71813 0.1862433328125 0.70348 0.1598833328125 0.6605066671875 0.11399666718749998 0.5970233328125001 0.0827566671875 0.5354966671875 0.0437033328125 0.46615333281250004 0.0085566671875 0.3802066671875 0.0222266671875 0.3079333328125 0.0271066671875 0.34114 0.05835 0.42611 0.0485866671875 0.47201333281249996 0.0544433328125 0.51108 0.0886133328125 0.5999533328125 0.1491433328125
0 0.61558 0 0.5576933328125 0.0015866671874999998 0.64488 0.0515166671875 0.6634366671875 0.0544433328125 0.77966 0.15695333281249998 0.8255633328125 0.1667166671875 0.8040766671874999 0.11302333281250002 0.7581733328125 0.0544433328125 0.6927366671875 0 0.61558 0
0 0.08232666718750001 0.8315733328125001 0.12823 0.8140000000000001 0.0793966671875 0.8130233328124999 0.00224 0.7974033328125001 0 0.8442666671874999 0.0588866671875 0.8423133328124999 0.08232666718750001 0.8315733328125001
0 0.1536233328125 0.96142 0.1975733328125 0.9838766671875 0.13995 0.9780166671874999 0.1076933328125 0.9966666671875 0.30012 0.9966666671875 0.1741333328125 0.9516566671875 0.1536233328125 0.96142
0 0.20245666718750002 0.9292033328124999 0.1975733328125 0.9399433328125 0.3694633328125 0.9966666671875 0.40169333281249997 0.9966666671875 0.30305 0.9594666671875001 0.20245666718750002 0.9292033328124999
0 0.6702733328125 0.9223699999999999 0.6956666671875 0.8774599999999999 0.6673433328125 0.8520766671875 0.64488 0.8530533328125 0.51154 0.8938933328124999 0.50522 0.9087 0.5638166671875 0.89796 0.6702733328125 0.9223699999999999
0 0.84705 0.5172066671875 0.8568166671874999 0.4928 0.7435233328125 0.5992166671875 0.6165566671875 0.68513 0.6458566671875 0.6968466671875 0.7464533328125 0.6158133328125001 0.84705 0.5172066671875
0 0 0.9966666671875 0.05 0.9966666671875 0.0686533328125 0.9711833328124999 0.0334933328125 0.96142 0.051073332812500004 0.9428699999999999 0.0911166671875 0.9497066671875001 0.1174866671875 0.9282266671875 0.03447 0.9087 0.0325166671875 0.8969866671875 0.0588866671875 0.89015 0.1262766671875 0.9126066671874999 0.1321366671875 0.9028433328125001 0.0979533328125 0.8882 0.0012633328124999998 0.8530533328125 0.00224 0.9087 0.0500966671875 0.9311566671874999 0 0.93018 0 0.9966666671875
