0 0 0.2606233328125 0.16944333281249999 0.13277 0.2666666671875 0.07023333281250001 0.3625 0.00075 0.2416666671875 0.00075 0.1583333328125 0.0660633328125 0.0680566671875 0.13833 0 0.1980866671875 0 0.2606233328125
0 0.0819433328125 0.4996533328125 0.10694333281249999 0.4843666671875 0.1222233328125 0.42044 0.13333333281249998 0.3801366671875 0.15 0.3426166671875 0.1375 0.31204333281249996 0.1180566671875 0.3037033328125 0.08333333281250001 0.32594 0.0819433328125 0.34652666718749997 0.08889 0.4009833328125 0.09861 0.4398966671875 0.0819433328125 0.4996533328125
0 0 0.94019 0.1305566671875 0.83457 0.2208333328125 0.7720333328125 0.38333333281250004 0.6205566671875 0.4583333328125 0.5371733328125 0.5597233328125 0.4426733328125 0.5541666671875001 0.42461000000000004 0.4819433328125 0.4968733328125 0.40416666718750005 0.55385 0.3541666671875 0.6219466671875 0.2875 0.6900433328125 0.2180566671875 0.7386833328125 0.125 0.8123366671875001 0.10555666718750001 0.8109466671875 0.1125 0.79288 0.15 0.75258 0.14861 0.7247833328125 0.17777666718750001 0.6886533328125 0.25139 0.6233366671875 0.3166666671875 0.5496833328124999 0.3958333328125 0.4760266671875 0.47083333281249995 0.41905000000000003 0.4847233328125 0.3843066671875 0.4805566671875 0.3718 0.5375 0.3176 0.6833333328125 0.1925266671875 0.7791666671875 0.1006933328125 0.7527766671875 0.10636666718750001 0.6652766671875 0.1925266671875 0.5541666671875001 0.2967566671875 0.4625 0.37597 0.4055566671875 0.4454533328125 0.3 0.5413433328125 0.2166666671875 0.6219466671875 0.1375 0.70672 0.1 0.7650866671875 0.03889 0.8442999999999999 0 0.89155 0 0.94019
0 0.9416666671874999 0.3370566671875 0.9791666671874999 0.3912566671875 0.9966666671875 0.3968133328125 0.9966666671875 0.30787333281249996 0.95 0.2634033328125 0.9027766671874999 0.21198333281249998 0.8583333328125 0.18975 0.8333333328125001 0.1689033328125 0.8291666671875 0.2036466671875 0.8486100000000001 0.22588 0.8875 0.28008 0.9416666671874999 0.3370566671875
0 0.9791666671874999 0.2008666671875 0.97639 0.1508366671875 0.98611 0.06467666718750001 0.975 0.059116667187500006 0.9652766671874999 0.1522266671875 0.9625 0.2425566671875 0.975 0.2550633328125 0.9791666671874999 0.2008666671875
0 0.9 0.47047 0.9305566671875001 0.5232766671875 0.9444433328124999 0.5469033328124999 0.9486100000000001 0.5927633328125 0.9347233328125 0.64974 0.9527766671875 0.6830933328125 0.9736100000000001 0.6844833328125 0.9777766671875 0.6177766671875 0.9958333328125001 0.51772 0.9541666671875 0.46630000000000005 0.9291666671875 0.41766 0.89861 0.36763 0.8708333328125001 0.32872 0.8180566671875 0.28402666718749997 0.8458333328125001 0.37597 0.8666666671875 0.4121 0.9 0.47047
0 0 0.6261166671875 0.01389 0.6678066671875 0.0375 0.74007 0.0666666671875 0.8026066671875001 0.07361 0.79427 0.056943332812500004 0.74424 0 0.5955433328125 0 0.6261166671875
0 0.10833333281249999 0.9040566671875 0.0958333328125 0.8581966671875 0.0902766671875 0.8720933328125 0.1194433328125 0.9888299999999999 0.1416666671875 0.9966666671875 0.1305566671875 0.9485266671874999 0.10833333281249999 0.9040566671875
0 0.19722333281249999 0.9526966671875 0.1833333328125 0.9123933328125 0.17916666718750002 0.8637566671875 0.16111 0.9262933328124999 0.1569433328125 0.9554766671875001 0.1583333328125 0.9966666671875 0.20972333281250002 0.9966666671875 0.19722333281249999 0.9526966671875
0 0.2916666671875 0.46352000000000004 0.2958333328125 0.4121 0.32083333281250004 0.3718 0.36666666718749996 0.28841666718750003 0.4180566671875 0.23838666718749998 0.4944433328125 0.1619533328125 0.50139 0.13694 0.4055566671875 0.22727 0.3083333328125 0.35373333281249997 0.2777766671875 0.37319 0.2375 0.5802566671875 0.22777666718749998 0.61361 0.2708333328125 0.5677466671875 0.2916666671875 0.46352000000000004
0 0 0.8776533328125 0.0125 0.8679233328124999 0.0180566671875 0.80122 0.0347233328125 0.83735 0.059723332812499995 0.8317933328124999 0 0.7164466671875 0 0.8776533328125
0 0.06389 0.9966666671875 0.0625 0.9652033328125 0.07083333281250001 0.9471366671875 0.0944433328125 0.9966666671875 0.10972333281249999 0.9966666671875 0.0847233328125 0.9540866671874999 0.07083333281250001 0.9110066671875 0.058333332812500006 0.8998866671875 0.05 0.9721533328125 0.0375 0.9929966671875 0.0277766671875 0.9262933328124999 0.00139 0.9457466671875 0 0.9966666671875 0.06389 0.9966666671875
