0 0.9476433328124999 0.8452433328125 0.9966666671875 0.7974033328125001 0.9966666671875 0.74273 0.88221 0.8305966671875 0.6380433328125 0.9946133328125001 0.7464533328125 0.9966666671875 0.8636533328124999 0.91944 0.9476433328124999 0.8452433328125
0 0.9193199999999999 0.6704866671875 0.91346 0.6021433328125 0.9007666671875001 0.5552833328125 0.9056466671875001 0.50842 0.8870933328125 0.5250166671875001 0.8880699999999999 0.54845 0.8753733328125 0.5875 0.8538466671875 0.6618433328125 0.8763500000000001 0.6948933328125 0.9124833328124999 0.6822 0.9193199999999999 0.6704866671875
0 0.78552 0.37955 0.8226333328125 0.3287833328125 0.8675599999999999 0.27704 0.9212733328124999 0.20284 0.9662000000000001 0.1491433328125 0.9966666671875 0.10423666718749999 0.9964766671874999 0.06225333281249999 0.9232266671874999 0.11985666718750002 0.8353300000000001 0.1921 0.75622 0.2614166671875 0.6790633328125 0.32487666718749997 0.61558 0.39614666718749997 0.5755366671875 0.43324666718750005 0.5013133328125 0.4967066671875 0.43783000000000005 0.5650466671875 0.4534566671875 0.5650466671875 0.5267066671875 0.5015866671875 0.56284 0.47522666718749995 0.5980000000000001 0.44301 0.63902 0.3805266671875 0.7044566671875 0.3170666671875 0.7698933328125 0.27410999999999996 0.8304466671874999 0.22041333281250003 0.8773266671875 0.18917333281249998 0.8519333328125 0.2575133328125 0.76501 0.3697866671875 0.6273 0.50354 0.5120566671875 0.60312 0.5247533328125 0.63534 0.62144 0.5435666671875 0.78552 0.37955
0 0.7972400000000001 0 0.8157966671875 0.12473666718750001 0.83826 0.0915433328125 0.8411899999999999 0 0.7972400000000001 0
0 0.9349466671875 0 0.9329933328125 0.0612766671875 0.9144366671874999 0.0007466671875 0.86154 0.00287 0.8978333328125 0.1286433328125 0.9144366671874999 0.1218066671875 0.8939299999999999 0.0378466671875 0.90174 0.023203332812499998 0.9290866671875 0.0983766671875 0.9456899999999999 0.0729933328125 0.9505733328125 0.0417533328125 0.9593633328125 0.0358933328125 0.9701066671874999 0.07494666718750001 0.9945233328124999 0.06225333281249999 0.9966666671875 0 0.9349466671875 0
0 0.9966666671875 0.2418933328125 0.9966666671875 0.10716333281249998 0.9794866671875001 0.1374833328125 0.9966666671875 0.2418933328125
0 0.9538466671875 0.1746633328125 0.9964766671874999 0.29851666718750003 0.9966666671875 0.2623933328125 0.96327 0.15109666718749998 0.9538466671875 0.1746633328125
0 0.9966666671875 0.4078633328125 0.9964766671874999 0.3570966671875 0.9349466671875 0.18429 0.9271333328125 0.2047933328125 0.9662000000000001 0.33464 0.9966666671875 0.4078633328125
0 0 0.69587 0.012983332812500002 0.7192999999999999 0.0803733328125 0.7671366671875 0.1438566671875 0.8208333328125 0.1712033328125 0.8305966671875 0.1770633328125 0.8003333328125001 0.1174866671875 0.7222299999999999 0.0598633328125 0.6646266671875 0.046189999999999995 0.6285033328125 0 0.5504 0 0.5933566671875 0 0.69587
0 0.14288 0.6324099999999999 0.1526466671875 0.6656033328125 0.18194666718750002 0.7153933328125001 0.1536233328125 0.6177666671875001 0.1379966671875 0.5865233328125 0.09990666718749999 0.5230633328125001 0.0676766671875 0.4918233328125 0.04326 0.41859999999999997 0.06181666718749999 0.3649066671875 0.035446667187499996 0.3063266671875 0.0276333328125 0.33952333281249997 0.01103 0.47327333281249995 0.046189999999999995 0.5181833328125001 0.08428 0.5757833328124999 0.14288 0.6324099999999999
