2 0.828906 0.164453 0.921094 0.164453 0.921094 0.246484 0.828906 0.246484
2 0.401953 0.657813 0.496484 0.657813 0.496484 0.754688 0.401953 0.754688
2 0.550000 0.531641 0.604688 0.531641 0.604688 0.610547 0.550000 0.610547
2 0.581250 0.619531 0.609375 0.619531 0.609375 0.675781 0.581250 0.675781
2 0.229297 0.610547 0.314453 0.610547 0.314453 0.676953 0.229297 0.676953
2 0.389844 0.587891 0.438281 0.587891 0.438281 0.613672 0.389844 0.613672
2 0.325391 0.629687 0.349609 0.629687 0.349609 0.659375 0.325391 0.659375
2 0.350391 0.725391 0.373047 0.725391 0.373047 0.783984 0.350391 0.783984
2 0.258203 0.838281 0.299609 0.838281 0.299609 0.875781 0.258203 0.875781
2 0.139063 0.845703 0.209375 0.845703 0.209375 0.902734 0.139063 0.902734
2 0.114844 0.778516 0.161719 0.778516 0.161719 0.835547 0.114844 0.835547
2 0.218359 0.789062 0.264453 0.789062 0.264453 0.848437 0.218359 0.848437
