2 0.264453 0.419141 0.330859 0.419141 0.330859 0.487109 0.264453 0.487109
2 0.339453 0.508594 0.398047 0.508594 0.398047 0.547656 0.339453 0.547656
2 0.389844 0.608984 0.438281 0.608984 0.438281 0.645703 0.389844 0.645703
2 0.452344 0.507031 0.486719 0.507031 0.486719 0.549219 0.452344 0.549219
2 0.394141 0.443750 0.448047 0.443750 0.448047 0.490625 0.394141 0.490625
2 0.189453 0.323437 0.254297 0.323437 0.254297 0.360937 0.189453 0.360937
2 0.239453 0.325391 0.280859 0.325391 0.280859 0.351172 0.239453 0.351172
2 0.264844 0.325391 0.313281 0.325391 0.313281 0.352734 0.264844 0.352734
2 0.356250 0.146484 0.410938 0.146484 0.410938 0.191016 0.356250 0.191016
2 0.383203 0.360937 0.448047 0.360937 0.448047 0.434375 0.383203 0.434375
2 0.534583 0.560797 0.558333 0.608750 0.624583 0.642410 0.612917 0.607433 0.562917 0.542473 0.534583 0.560797
2 0.587917 0.740683 0.479583 0.639080 0.532917 0.712367 0.547917 0.777500 0.581250 0.808973 0.627917 0.817300 0.587917 0.740683
