2 0.470703 0.096094 0.526172 0.096094 0.526172 0.175781 0.470703 0.175781
2 0.325000 0.112891 0.384375 0.112891 0.384375 0.180859 0.325000 0.180859
2 0.349609 0.208594 0.392578 0.208594 0.392578 0.269531 0.349609 0.269531
2 0.317188 0.290234 0.378125 0.290234 0.378125 0.394141 0.317188 0.394141
2 0.164844 0.619531 0.219531 0.619531 0.219531 0.700781 0.164844 0.700781
2 0.695703 0.469141 0.749609 0.469141 0.749609 0.583984 0.695703 0.583984
2 0.739453 0.658984 0.773047 0.658984 0.773047 0.720703 0.739453 0.720703
2 0.704297 0.891797 0.762891 0.891797 0.762891 0.976953 0.704297 0.976953
2 0.458203 0.898047 0.496484 0.898047 0.496484 0.973828 0.458203 0.973828
2 0.297656 0.833594 0.347656 0.833594 0.347656 0.928906 0.297656 0.928906
2 0.929297 0.500391 0.986328 0.500391 0.986328 0.605859 0.929297 0.605859
2 0.883203 0.596094 0.924609 0.596094 0.924609 0.708594 0.883203 0.708594
2 0.914844 0.694141 0.964844 0.694141 0.964844 0.833984 0.914844 0.833984
2 0.912109 0.343750 0.964453 0.343750 0.964453 0.462500 0.912109 0.462500
2 0.873047 0.225391 0.930078 0.225391 0.930078 0.305859 0.873047 0.305859
2 0.466797 0.533594 0.508203 0.533594 0.508203 0.602344 0.466797 0.602344
