2 0.170703 0.512891 0.307422 0.512891 0.307422 0.605859 0.170703 0.605859
2 0.158203 0.671094 0.430859 0.671094 0.430859 0.705469 0.158203 0.705469
2 0.457813 0.496484 0.534375 0.496484 0.534375 0.542578 0.457813 0.542578
2 0.462891 0.429297 0.519922 0.429297 0.519922 0.445703 0.462891 0.445703
2 0.216797 0.442578 0.305078 0.442578 0.305078 0.479297 0.216797 0.479297
2 0.189453 0.325781 0.271484 0.325781 0.271484 0.371094 0.189453 0.371094
2 0.337891 0.127734 0.398047 0.127734 0.398047 0.187891 0.337891 0.187891
2 0.320703 0.239844 0.426172 0.239844 0.426172 0.280469 0.320703 0.280469
2 0.601953 0.283594 0.674609 0.283594 0.674609 0.407031 0.601953 0.407031
2 0.739844 0.877344 0.813281 0.877344 0.813281 0.928906 0.739844 0.928906
2 0.747656 0.707031 0.822656 0.707031 0.822656 0.749219 0.747656 0.749219
2 0.533203 0.533984 0.579297 0.533984 0.579297 0.645703 0.533203 0.645703
