2 0.785156 0.304688 0.825781 0.304688 0.825781 0.379687 0.785156 0.379687
2 0.621094 0.608594 0.663281 0.608594 0.663281 0.683594 0.621094 0.683594
2 0.591406 0.712500 0.646094 0.712500 0.646094 0.792187 0.591406 0.792187
2 0.616406 0.812500 0.669531 0.812500 0.669531 0.895312 0.616406 0.895312
2 0.477344 0.810937 0.539844 0.810937 0.539844 0.920312 0.477344 0.920312
2 0.073047 0.696094 0.137891 0.696094 0.137891 0.780469 0.073047 0.780469
2 0.019141 0.537891 0.098047 0.537891 0.098047 0.658984 0.019141 0.658984
2 0.012891 0.385547 0.073047 0.385547 0.073047 0.492578 0.012891 0.492578
2 0.064453 0.266797 0.123047 0.266797 0.123047 0.373828 0.064453 0.373828
2 0.033203 0.217187 0.082422 0.217187 0.082422 0.304688 0.033203 0.304688
2 0.041797 0.162500 0.081641 0.162500 0.081641 0.212500 0.041797 0.212500
2 0.214844 0.290234 0.267969 0.290234 0.267969 0.359766 0.214844 0.359766
2 0.231250 0.413281 0.310938 0.413281 0.310938 0.544531 0.231250 0.544531
2 0.239453 0.000000 0.298047 0.000000 0.298047 0.135937 0.239453 0.135937
2 0.502344 0.013281 0.538281 0.013281 0.538281 0.117969 0.502344 0.117969
2 0.487109 0.383984 0.537891 0.383984 0.537891 0.487891 0.487109 0.487891
