2 0.464062 0.188281 0.534375 0.188281 0.534375 0.292969 0.464062 0.292969
2 0.493750 0.108594 0.557812 0.108594 0.557812 0.202344 0.493750 0.202344
2 0.616406 0.056250 0.674219 0.056250 0.674219 0.162500 0.616406 0.162500
2 0.647656 0.210938 0.699219 0.210938 0.699219 0.307813 0.647656 0.307813
2 0.522656 0.290234 0.599219 0.290234 0.599219 0.416016 0.522656 0.416016
2 0.660156 0.548047 0.719531 0.548047 0.719531 0.647266 0.660156 0.647266
2 0.526953 0.692188 0.605859 0.692188 0.605859 0.810937 0.526953 0.810937
2 0.602344 0.779687 0.666406 0.779687 0.666406 0.915625 0.602344 0.915625
2 0.639453 0.691797 0.702734 0.691797 0.702734 0.797266 0.639453 0.797266
2 0.568359 0.000000 0.616016 0.000000 0.616016 0.053125 0.568359 0.053125
2 0.614453 0.152344 0.649609 0.152344 0.649609 0.203906 0.614453 0.203906
2 0.556641 0.515234 0.596484 0.515234 0.596484 0.589453 0.556641 0.589453
