2 0.739583 0.545803 0.707917 0.570790 0.706250 0.592083 0.789583 0.589110 0.834583 0.547470 0.796250 0.507497 0.739583 0.545803
2 0.702344 0.442578 0.786719 0.442578 0.786719 0.477734 0.702344 0.477734
2 0.747656 0.323437 0.817969 0.323437 0.817969 0.356250 0.747656 0.356250
2 0.475391 0.415234 0.546484 0.415234 0.546484 0.444141 0.475391 0.444141
2 0.473047 0.496094 0.539453 0.496094 0.539453 0.527344 0.473047 0.527344
2 0.194141 0.692188 0.248047 0.692188 0.248047 0.732812 0.194141 0.732812
2 0.139844 0.880078 0.288281 0.880078 0.288281 0.932422 0.139844 0.932422
2 0.569141 0.635938 0.744922 0.635938 0.744922 0.710938 0.569141 0.710938
2 0.756641 0.679688 0.846484 0.679688 0.846484 0.714063 0.756641 0.714063
2 0.339844 0.292578 0.411719 0.292578 0.411719 0.402734 0.339844 0.402734
2 0.416406 0.550391 0.472656 0.550391 0.472656 0.630859 0.416406 0.630859
2 0.589453 0.252734 0.671484 0.252734 0.671484 0.319141 0.589453 0.319141
2 0.614844 0.137109 0.669531 0.137109 0.669531 0.216016 0.614844 0.216016
2 0.414453 0.087500 0.471484 0.087500 0.471484 0.164062 0.414453 0.164062
