2 0.104297 0.537500 0.234766 0.537500 0.234766 0.629688 0.104297 0.629688
2 0.285547 0.617188 0.305078 0.617188 0.305078 0.657812 0.285547 0.657812
2 0.306250 0.754687 0.351562 0.754687 0.351562 0.839063 0.306250 0.839063
2 0.014453 0.800781 0.148047 0.800781 0.148047 0.875781 0.014453 0.875781
2 0.139453 0.866797 0.182422 0.866797 0.182422 0.948828 0.139453 0.948828
2 0.391797 0.554297 0.434766 0.554297 0.434766 0.623828 0.391797 0.623828
2 0.406641 0.705859 0.548047 0.705859 0.548047 0.805078 0.406641 0.805078
2 0.637500 0.548437 0.726562 0.548437 0.726562 0.664062 0.637500 0.664062
2 0.650000 0.677734 0.709375 0.677734 0.709375 0.742578 0.650000 0.742578
2 0.705859 0.248047 0.764453 0.248047 0.764453 0.297266 0.705859 0.297266
2 0.412917 0.487507 0.445833 0.525417 0.559583 0.512493 0.577917 0.439203 0.442917 0.479180 0.412917 0.487507
