2 0.489453 0.354297 0.555859 0.354297 0.555859 0.495703 0.489453 0.495703
2 0.181641 0.525391 0.274609 0.525391 0.274609 0.580859 0.181641 0.580859
2 0.148047 0.604687 0.281641 0.604687 0.281641 0.717187 0.148047 0.717187
2 0.182812 0.760938 0.259375 0.760938 0.259375 0.812500 0.182812 0.812500
2 0.273047 0.754297 0.412891 0.754297 0.412891 0.800391 0.273047 0.800391
2 0.394141 0.575391 0.473047 0.575391 0.473047 0.632422 0.394141 0.632422
2 0.389453 0.496484 0.449609 0.496484 0.449609 0.542578 0.389453 0.542578
2 0.075000 0.393750 0.159375 0.393750 0.159375 0.437500 0.075000 0.437500
2 0.181641 0.173438 0.249609 0.173438 0.249609 0.281250 0.181641 0.281250
2 0.354297 0.102734 0.461328 0.102734 0.461328 0.216016 0.354297 0.216016
