2 0.210547 0.254297 0.287891 0.254297 0.287891 0.322266 0.210547 0.322266
2 0.135547 0.133594 0.205078 0.133594 0.205078 0.203906 0.135547 0.203906
2 0.085938 0.000000 0.182812 0.000000 0.182812 0.085938 0.085938 0.085938
2 0.239453 0.202344 0.351172 0.202344 0.351172 0.302344 0.239453 0.302344
2 0.322656 0.360937 0.372656 0.360937 0.372656 0.410938 0.322656 0.410938
2 0.323437 0.452344 0.378125 0.452344 0.378125 0.502344 0.323437 0.502344
2 0.204297 0.435547 0.281641 0.435547 0.281641 0.500391 0.204297 0.500391
2 0.323047 0.548438 0.386328 0.548438 0.386328 0.584375 0.323047 0.584375
2 0.289453 0.587891 0.371484 0.587891 0.371484 0.632422 0.289453 0.632422
2 0.346094 0.652734 0.413281 0.652734 0.413281 0.695703 0.346094 0.695703
2 0.566406 0.702344 0.675781 0.702344 0.675781 0.857031 0.566406 0.857031
2 0.493359 0.850000 0.562891 0.850000 0.562891 0.893750 0.493359 0.893750
2 0.551953 0.471484 0.598047 0.471484 0.598047 0.511328 0.551953 0.511328
2 0.541797 0.595703 0.586328 0.595703 0.586328 0.635547 0.541797 0.635547
2 0.508594 0.554297 0.564844 0.554297 0.564844 0.594141 0.508594 0.594141
2 0.464844 0.418750 0.516406 0.418750 0.516406 0.467188 0.464844 0.467188
2 0.581641 0.375391 0.621484 0.375391 0.621484 0.432422 0.581641 0.432422
2 0.527344 0.312891 0.567969 0.312891 0.567969 0.349609 0.527344 0.349609
2 0.591797 0.281641 0.639453 0.281641 0.639453 0.329297 0.591797 0.329297
2 0.506641 0.250391 0.546484 0.250391 0.546484 0.283984 0.506641 0.283984
2 0.519141 0.208594 0.573047 0.208594 0.573047 0.247656 0.519141 0.247656
2 0.710156 0.640234 0.746094 0.640234 0.746094 0.716016 0.710156 0.716016
2 0.728906 0.692188 0.769531 0.692188 0.769531 0.735938 0.728906 0.735938
2 0.764844 0.657031 0.794531 0.657031 0.794531 0.696094 0.764844 0.696094
2 0.754297 0.871094 0.784766 0.871094 0.784766 0.902344 0.754297 0.902344
2 0.654688 0.864844 0.703125 0.864844 0.703125 0.905469 0.654688 0.905469
