2 0.746094 0.317188 0.839844 0.317188 0.839844 0.415625 0.746094 0.415625
2 0.748047 0.433594 0.830078 0.433594 0.830078 0.482031 0.748047 0.482031
2 0.849609 0.562891 0.914453 0.562891 0.914453 0.610547 0.849609 0.610547
2 0.456250 0.510938 0.506250 0.510938 0.506250 0.637500 0.456250 0.637500
2 0.564844 0.462891 0.611719 0.462891 0.611719 0.508984 0.564844 0.508984
2 0.531641 0.375391 0.598047 0.375391 0.598047 0.432422 0.531641 0.432422
2 0.450000 0.271094 0.529687 0.271094 0.529687 0.399219 0.450000 0.399219
2 0.569141 0.173047 0.669922 0.173047 0.669922 0.245703 0.569141 0.245703
2 0.673047 0.185938 0.730078 0.185938 0.730078 0.253125 0.673047 0.253125
2 0.750000 0.196094 0.828125 0.196094 0.828125 0.253906 0.750000 0.253906
2 0.569141 0.771094 0.648047 0.771094 0.648047 0.911719 0.569141 0.911719
2 0.733203 0.594531 0.796484 0.594531 0.796484 0.702344 0.733203 0.702344
2 0.758594 0.729297 0.817969 0.729297 0.817969 0.822266 0.758594 0.822266
