2 0.311250 0.026130 0.279583 0.000000 0.252083 0.006667 0.312917 0.086093 0.317917 0.116073 0.347917 0.096087 0.311250 0.026130
2 0.397656 0.161328 0.496094 0.161328 0.496094 0.224609 0.397656 0.224609
2 0.489453 0.277344 0.577734 0.277344 0.577734 0.328906 0.489453 0.328906
2 0.254297 0.265234 0.337891 0.265234 0.337891 0.291016 0.254297 0.291016
2 0.373437 0.329687 0.428125 0.329687 0.428125 0.356250 0.373437 0.356250
2 0.289844 0.331250 0.344531 0.331250 0.344531 0.365625 0.289844 0.365625
2 0.475000 0.415234 0.532813 0.415234 0.532813 0.464453 0.475000 0.464453
2 0.524609 0.450391 0.591016 0.450391 0.591016 0.510547 0.524609 0.510547
2 0.593359 0.493750 0.664453 0.493750 0.664453 0.542187 0.593359 0.542187
2 0.689453 0.667578 0.777734 0.667578 0.777734 0.730859 0.689453 0.730859
