2 0.084375 0.216797 0.114062 0.216797 0.114062 0.320703 0.084375 0.320703
2 0.034375 0.339844 0.081250 0.339844 0.081250 0.455469 0.034375 0.455469
2 0.021484 0.479297 0.056641 0.479297 0.056641 0.623828 0.021484 0.623828
2 0.072656 0.614844 0.122656 0.614844 0.122656 0.708594 0.072656 0.708594
2 0.022656 0.698437 0.097656 0.698437 0.097656 0.842187 0.022656 0.842187
2 0.203906 0.012891 0.247656 0.012891 0.247656 0.183984 0.203906 0.183984
2 0.260547 0.454297 0.308203 0.454297 0.308203 0.573828 0.260547 0.573828
2 0.208203 0.621094 0.274609 0.621094 0.274609 0.775781 0.208203 0.775781
2 0.248047 0.858984 0.314453 0.858984 0.314453 0.998828 0.248047 0.998828
2 0.478906 0.075000 0.546094 0.075000 0.546094 0.189062 0.478906 0.189062
2 0.480859 0.489844 0.516016 0.489844 0.516016 0.597656 0.480859 0.597656
2 0.523047 0.696484 0.539453 0.696484 0.539453 0.747266 0.523047 0.747266
2 0.476562 0.875391 0.534375 0.875391 0.534375 0.990234 0.476562 0.990234
2 0.662500 0.807031 0.707813 0.807031 0.707813 0.952344 0.662500 0.952344
2 0.623047 0.096094 0.681641 0.096094 0.681641 0.397656 0.623047 0.397656
2 0.789453 0.594141 0.830859 0.594141 0.830859 0.708984 0.789453 0.708984
