2 0.401953 0.262891 0.482422 0.262891 0.482422 0.332422 0.401953 0.332422
2 0.312109 0.221094 0.364453 0.221094 0.364453 0.324219 0.312109 0.324219
2 0.141797 0.352344 0.208203 0.352344 0.208203 0.421094 0.141797 0.421094
2 0.383203 0.406250 0.457422 0.406250 0.457422 0.490625 0.383203 0.490625
2 0.450000 0.402344 0.485937 0.402344 0.485937 0.450781 0.450000 0.450781
2 0.497656 0.329297 0.542969 0.329297 0.542969 0.395703 0.497656 0.395703
2 0.606641 0.383984 0.648047 0.383984 0.648047 0.444141 0.606641 0.444141
2 0.512500 0.446094 0.553125 0.446094 0.553125 0.499219 0.512500 0.499219
2 0.558594 0.554297 0.642969 0.554297 0.642969 0.625391 0.558594 0.625391
2 0.649609 0.481641 0.712891 0.481641 0.712891 0.555859 0.649609 0.555859
2 0.754297 0.556641 0.830078 0.556641 0.830078 0.630859 0.754297 0.630859
