2 0.168750 0.427344 0.307812 0.427344 0.307812 0.557031 0.168750 0.557031
2 0.164844 0.304688 0.238281 0.304688 0.238281 0.359375 0.164844 0.359375
2 0.054297 0.142187 0.116016 0.142187 0.116016 0.185938 0.054297 0.185938
2 0.126953 0.015234 0.224609 0.015234 0.224609 0.164453 0.126953 0.164453
2 0.385547 0.085938 0.462891 0.085938 0.462891 0.235938 0.385547 0.235938
2 0.339453 0.271094 0.407422 0.271094 0.407422 0.328906 0.339453 0.328906
2 0.375391 0.400391 0.446484 0.400391 0.446484 0.457422 0.375391 0.457422
2 0.260547 0.650781 0.339453 0.650781 0.339453 0.722656 0.260547 0.722656
2 0.312891 0.614844 0.473047 0.614844 0.473047 0.707031 0.312891 0.707031
2 0.456250 0.452734 0.553125 0.452734 0.553125 0.592578 0.456250 0.592578
