2 0.854583 0.873930 0.814583 0.812303 0.681250 0.687383 0.662917 0.715697 0.737917 0.792317 0.854583 0.873930
2 0.512109 0.467187 0.542578 0.467187 0.542578 0.514062 0.512109 0.514062
2 0.582812 0.496484 0.609375 0.496484 0.609375 0.539453 0.582812 0.539453
2 0.612500 0.514844 0.632812 0.514844 0.632812 0.555469 0.612500 0.555469
2 0.625000 0.596484 0.656250 0.596484 0.656250 0.639453 0.625000 0.639453
2 0.681250 0.612891 0.707813 0.612891 0.707813 0.654297 0.681250 0.654297
2 0.406250 0.396094 0.453125 0.396094 0.453125 0.432031 0.406250 0.432031
2 0.421094 0.346094 0.467969 0.346094 0.467969 0.397656 0.421094 0.397656
2 0.266797 0.265234 0.305078 0.265234 0.305078 0.311328 0.266797 0.311328
2 0.373438 0.329688 0.403125 0.329688 0.403125 0.357812 0.373438 0.357812
2 0.443359 0.494141 0.466016 0.494141 0.466016 0.526172 0.443359 0.526172
2 0.455859 0.466797 0.489453 0.466797 0.489453 0.522266 0.455859 0.522266
