2 0.849583 0.855610 0.786250 0.788983 0.670833 0.687917 0.696250 0.772330 0.836250 0.892253 0.849583 0.855610
2 0.394141 0.327344 0.421484 0.327344 0.421484 0.374219 0.394141 0.374219
2 0.480859 0.485938 0.491016 0.485938 0.491016 0.514062 0.480859 0.514062
2 0.516406 0.479297 0.547656 0.479297 0.547656 0.520703 0.516406 0.520703
2 0.387109 0.425781 0.412891 0.425781 0.412891 0.472656 0.387109 0.472656
2 0.410547 0.379297 0.441016 0.379297 0.441016 0.419141 0.410547 0.419141
2 0.447656 0.421484 0.474219 0.421484 0.474219 0.469141 0.447656 0.469141
2 0.618750 0.598437 0.660938 0.598437 0.660938 0.637500 0.618750 0.637500
2 0.679297 0.625391 0.709766 0.625391 0.709766 0.655859 0.679297 0.655859
2 0.539453 0.562891 0.551172 0.562891 0.551172 0.602734 0.539453 0.602734
2 0.591797 0.512891 0.634766 0.512891 0.634766 0.555859 0.591797 0.555859
2 0.228906 0.237891 0.300781 0.237891 0.300781 0.299609 0.228906 0.299609
