2 0.189583 0.510827 0.296250 0.444203 0.281250 0.397563 0.182917 0.412553 0.144583 0.479180 0.189583 0.510827
2 0.170703 0.285938 0.252734 0.285938 0.252734 0.334375 0.170703 0.334375
2 0.264453 0.296484 0.426172 0.296484 0.426172 0.341016 0.264453 0.341016
2 0.706641 0.052734 0.824609 0.052734 0.824609 0.125391 0.706641 0.125391
2 0.462891 0.458984 0.544922 0.458984 0.544922 0.495703 0.462891 0.495703
2 0.218359 0.525781 0.312891 0.525781 0.312891 0.569531 0.218359 0.569531
2 0.174609 0.640625 0.262891 0.640625 0.262891 0.668750 0.174609 0.668750
2 0.323047 0.677734 0.386328 0.677734 0.386328 0.764453 0.323047 0.764453
2 0.306250 0.786328 0.409375 0.786328 0.409375 0.855859 0.306250 0.855859
2 0.530859 0.821484 0.612891 0.821484 0.612891 0.898828 0.530859 0.898828
2 0.597656 0.592187 0.674219 0.592187 0.674219 0.709375 0.597656 0.709375
2 0.456641 0.546094 0.521484 0.546094 0.521484 0.602344 0.456641 0.602344
2 0.508203 0.360938 0.580859 0.360938 0.580859 0.460938 0.508203 0.460938
