2 0.156250 0.100000 0.235938 0.100000 0.235938 0.162500 0.156250 0.162500
2 0.527344 0.392578 0.614844 0.392578 0.614844 0.435547 0.527344 0.435547
2 0.603906 0.379687 0.667969 0.379687 0.667969 0.414062 0.603906 0.414062
2 0.489453 0.502734 0.554297 0.502734 0.554297 0.564453 0.489453 0.564453
2 0.556250 0.571484 0.610938 0.571484 0.610938 0.617578 0.556250 0.617578
2 0.606250 0.696484 0.679688 0.696484 0.679688 0.766016 0.606250 0.766016
2 0.729297 0.625391 0.783203 0.625391 0.783203 0.655859 0.729297 0.655859
2 0.841797 0.710547 0.886328 0.710547 0.886328 0.750391 0.841797 0.750391
2 0.766406 0.838281 0.842969 0.838281 0.842969 0.903906 0.766406 0.903906
2 0.847656 0.808594 0.897656 0.808594 0.897656 0.852344 0.847656 0.852344
2 0.789453 0.739453 0.852734 0.739453 0.852734 0.787109 0.789453 0.787109
2 0.756250 0.564127 0.726250 0.524150 0.662500 0.498333 0.694583 0.579117 0.769583 0.604100 0.756250 0.564127
