2 0.760156 0.296094 0.844531 0.296094 0.844531 0.372656 0.760156 0.372656
2 0.894141 0.127344 0.946484 0.127344 0.946484 0.174219 0.894141 0.174219
2 0.605859 0.273438 0.664453 0.273438 0.664453 0.306250 0.605859 0.306250
2 0.555859 0.383984 0.616016 0.383984 0.616016 0.437891 0.555859 0.437891
2 0.541797 0.621094 0.687891 0.621094 0.687891 0.702344 0.541797 0.702344
2 0.678906 0.631641 0.746094 0.631641 0.746094 0.713672 0.678906 0.713672
2 0.534583 0.449200 0.466250 0.405893 0.482917 0.497500 0.431250 0.562917 0.469583 0.602437 0.529583 0.539143 0.534583 0.449200
2 0.746250 0.554133 0.829583 0.497500 0.801250 0.469187 0.829583 0.412553 0.796250 0.407557 0.677083 0.519167 0.662917 0.524150 0.707917 0.542473 0.746250 0.554133
2 0.606250 0.069437 0.572917 0.097753 0.567917 0.177703 0.533333 0.240000 0.581250 0.229337 0.621250 0.151053 0.606250 0.069437
2 0.842917 0.009477 0.806250 0.152500 0.867917 0.092757 0.874583 0.017803 0.842917 0.009477
2 0.274583 0.755673 0.287917 0.725690 0.304583 0.700707 0.276250 0.687383 0.241250 0.720693 0.274583 0.755673
