2 0.703906 0.437500 0.824219 0.437500 0.824219 0.589063 0.703906 0.589063
2 0.549609 0.560937 0.633203 0.560937 0.633203 0.606250 0.549609 0.606250
2 0.437891 0.406641 0.519922 0.406641 0.519922 0.577734 0.437891 0.577734
2 0.525391 0.737891 0.624609 0.737891 0.624609 0.935547 0.525391 0.935547
2 0.610938 0.660937 0.653125 0.660937 0.653125 0.715625 0.610938 0.715625
2 0.764453 0.644141 0.848047 0.644141 0.848047 0.707422 0.764453 0.707422
2 0.810547 0.879687 0.886328 0.879687 0.886328 0.989062 0.810547 0.989062
2 0.875000 0.812891 0.957812 0.812891 0.957812 0.858984 0.875000 0.858984
2 0.679297 0.287891 0.739453 0.287891 0.739453 0.333984 0.679297 0.333984
2 0.545703 0.298437 0.677734 0.298437 0.677734 0.354687 0.545703 0.354687
2 0.106641 0.000000 0.221484 0.000000 0.221484 0.064062 0.106641 0.064062
