2 0.659583 0.833957 0.712917 0.890587 0.742917 0.880593 0.736250 0.832290 0.656250 0.800643 0.577917 0.762333 0.539583 0.679583 0.527917 0.725690 0.582917 0.800643 0.659583 0.833957
2 0.523047 0.462891 0.609766 0.462891 0.609766 0.505859 0.523047 0.505859
2 0.347656 0.552344 0.447656 0.552344 0.447656 0.605469 0.347656 0.605469
2 0.239453 0.425391 0.330859 0.425391 0.330859 0.480859 0.239453 0.480859
2 0.419141 0.402344 0.494922 0.402344 0.494922 0.449219 0.419141 0.449219
2 0.056250 0.026130 0.000000 0.042787 0.006250 0.092083 0.112917 0.077767 0.176250 0.062773 0.132917 0.016137 0.056250 0.026130
2 0.143750 0.106641 0.210938 0.106641 0.210938 0.152734 0.143750 0.152734
2 0.204687 0.112891 0.253125 0.112891 0.253125 0.149609 0.204687 0.149609
2 0.216797 0.243750 0.259766 0.243750 0.259766 0.285938 0.216797 0.285938
2 0.285547 0.275000 0.331641 0.275000 0.331641 0.314063 0.285547 0.314063
2 0.306641 0.311328 0.369922 0.311328 0.369922 0.352734 0.306641 0.352734
2 0.229297 0.171484 0.264453 0.171484 0.264453 0.209766 0.229297 0.209766
2 0.099609 0.156250 0.142578 0.156250 0.142578 0.189063 0.099609 0.189063
2 0.133594 0.188281 0.169531 0.188281 0.169531 0.217969 0.133594 0.217969
2 0.158203 0.221094 0.202734 0.221094 0.202734 0.253906 0.158203 0.253906
2 0.533203 0.621094 0.598047 0.621094 0.598047 0.652344 0.533203 0.652344
