2 0.127344 0.568750 0.294531 0.568750 0.294531 0.693750 0.127344 0.693750
2 0.098047 0.499219 0.130078 0.499219 0.130078 0.571094 0.098047 0.571094
2 0.337917 0.334270 0.141667 0.450417 0.202917 0.462523 0.296250 0.400897 0.347917 0.414220 0.337917 0.334270
2 0.391797 0.296094 0.436328 0.296094 0.436328 0.347656 0.391797 0.347656
2 0.414453 0.331641 0.457422 0.331641 0.457422 0.379297 0.414453 0.379297
2 0.514453 0.316797 0.546484 0.316797 0.546484 0.370703 0.514453 0.370703
2 0.498438 0.550391 0.528125 0.550391 0.528125 0.612109 0.498438 0.612109
2 0.376953 0.530469 0.396484 0.530469 0.396484 0.583594 0.376953 0.583594
2 0.426953 0.519141 0.455859 0.519141 0.455859 0.571484 0.426953 0.571484
2 0.598047 0.324609 0.664453 0.324609 0.664453 0.375391 0.598047 0.375391
2 0.695703 0.235937 0.749609 0.235937 0.749609 0.279687 0.695703 0.279687
2 0.781250 0.156250 0.857813 0.156250 0.857813 0.235938 0.781250 0.235938
2 0.731250 0.259375 0.803125 0.259375 0.803125 0.329688 0.731250 0.329688
2 0.901953 0.107422 0.999609 0.107422 0.999609 0.181641 0.901953 0.181641
2 0.534583 0.184367 0.370833 0.262917 0.427917 0.309287 0.519583 0.260983 0.577917 0.192693 0.534583 0.184367
2 0.581250 0.577734 0.609375 0.577734 0.609375 0.620703 0.581250 0.620703
2 0.535547 0.458984 0.586328 0.458984 0.586328 0.511328 0.535547 0.511328
2 0.672656 0.594141 0.722656 0.594141 0.722656 0.630859 0.672656 0.630859
2 0.723437 0.504688 0.753125 0.504688 0.753125 0.537500 0.723437 0.537500
2 0.755859 0.518750 0.792578 0.518750 0.792578 0.564063 0.755859 0.564063
2 0.666406 0.521094 0.697656 0.521094 0.697656 0.555469 0.666406 0.555469
2 0.305859 0.705859 0.366016 0.705859 0.366016 0.755078 0.305859 0.755078
2 0.261328 0.733984 0.302734 0.733984 0.302734 0.773828 0.261328 0.773828
