2 0.306641 0.202734 0.344922 0.202734 0.344922 0.319141 0.306641 0.319141
2 0.330859 0.052734 0.367578 0.052734 0.367578 0.156641 0.330859 0.156641
2 0.439844 0.112891 0.488281 0.112891 0.488281 0.208984 0.439844 0.208984
2 0.461328 0.177734 0.527734 0.177734 0.527734 0.306641 0.461328 0.306641
2 0.406250 0.316016 0.454688 0.316016 0.454688 0.394922 0.406250 0.394922
2 0.298047 0.569141 0.336328 0.569141 0.336328 0.629297 0.298047 0.629297
2 0.297656 0.690625 0.346094 0.690625 0.346094 0.806250 0.297656 0.806250
2 0.339453 0.768750 0.376172 0.768750 0.376172 0.923438 0.339453 0.923438
2 0.416406 0.702344 0.444531 0.702344 0.444531 0.819531 0.416406 0.819531
2 0.401172 0.500781 0.444141 0.500781 0.444141 0.599219 0.401172 0.599219
