2 0.276953 0.514453 0.321484 0.514453 0.321484 0.583984 0.276953 0.583984
2 0.180859 0.641797 0.316016 0.641797 0.316016 0.675391 0.180859 0.675391
2 0.414062 0.545703 0.484375 0.545703 0.484375 0.621484 0.414062 0.621484
2 0.357813 0.789844 0.409375 0.789844 0.409375 0.860156 0.357813 0.860156
2 0.548438 0.344531 0.628125 0.344531 0.628125 0.444531 0.548438 0.444531
2 0.516250 0.337603 0.584583 0.245993 0.622917 0.199357 0.594583 0.181033 0.545833 0.240000 0.499583 0.299293 0.476250 0.350927 0.516250 0.337603
2 0.404297 0.354297 0.434766 0.354297 0.434766 0.394141 0.404297 0.394141
2 0.343359 0.460938 0.387891 0.460938 0.387891 0.487500 0.343359 0.487500
2 0.448047 0.454688 0.486328 0.454688 0.486328 0.482812 0.448047 0.482812
2 0.401953 0.517188 0.449609 0.517188 0.449609 0.559375 0.401953 0.559375
2 0.464453 0.671484 0.499609 0.671484 0.499609 0.722266 0.464453 0.722266
