2 0.291250 0.810637 0.249583 0.847280 0.311250 0.867270 0.366250 0.827293 0.362500 0.823333 0.462917 0.759003 0.474583 0.672390 0.417917 0.737350 0.291250 0.810637
2 0.571094 0.534375 0.669531 0.534375 0.669531 0.604688 0.571094 0.604688
2 0.673438 0.422266 0.753125 0.422266 0.753125 0.485547 0.673438 0.485547
2 0.400000 0.470703 0.482812 0.470703 0.482812 0.508984 0.400000 0.508984
2 0.498047 0.404688 0.580078 0.404688 0.580078 0.448437 0.498047 0.448437
2 0.414844 0.391016 0.486719 0.391016 0.486719 0.433984 0.414844 0.433984
2 0.739453 0.152734 0.801172 0.152734 0.801172 0.187891 0.739453 0.187891
2 0.768750 0.102344 0.857812 0.102344 0.857812 0.146094 0.768750 0.146094
2 0.737891 0.244531 0.796484 0.244531 0.796484 0.289844 0.737891 0.289844
2 0.630859 0.271094 0.716016 0.271094 0.716016 0.344531 0.630859 0.344531
2 0.658203 0.344141 0.724609 0.344141 0.724609 0.398047 0.658203 0.398047
