2 0.451250 0.247660 0.466667 0.292083 0.547917 0.264313 0.584583 0.174370 0.517917 0.186030 0.451250 0.247660
2 0.648047 0.166797 0.683203 0.166797 0.683203 0.217578 0.648047 0.217578
2 0.818750 0.058594 0.853125 0.058594 0.853125 0.121094 0.818750 0.121094
2 0.862891 0.123047 0.969922 0.123047 0.969922 0.194141 0.862891 0.194141
2 0.760547 0.385547 0.905078 0.385547 0.905078 0.469141 0.760547 0.469141
2 0.559375 0.394141 0.600000 0.394141 0.600000 0.437109 0.559375 0.437109
2 0.401953 0.469922 0.551172 0.469922 0.551172 0.537891 0.401953 0.537891
2 0.297656 0.344141 0.369531 0.344141 0.369531 0.432422 0.297656 0.432422
2 0.280859 0.260547 0.339453 0.260547 0.339453 0.316016 0.280859 0.316016
2 0.678906 0.352344 0.719531 0.352344 0.719531 0.397656 0.678906 0.397656
2 0.262500 0.698828 0.310938 0.698828 0.310938 0.748047 0.262500 0.748047
