2 0.208203 0.104687 0.279297 0.104687 0.279297 0.182812 0.208203 0.182812
2 0.806641 0.758594 0.874609 0.758594 0.874609 0.807031 0.806641 0.807031
2 0.698047 0.750391 0.787891 0.750391 0.787891 0.788672 0.698047 0.788672
2 0.650000 0.854688 0.728125 0.854688 0.728125 0.910937 0.650000 0.910937
2 0.414453 0.620703 0.532422 0.620703 0.532422 0.685547 0.414453 0.685547
2 0.548047 0.539844 0.612891 0.539844 0.612891 0.602344 0.548047 0.602344
2 0.457917 0.507497 0.491250 0.597440 0.541250 0.622423 0.562917 0.524150 0.537917 0.454197 0.406250 0.324277 0.367917 0.330940 0.421250 0.400897 0.457917 0.507497
2 0.367917 0.399230 0.286250 0.344263 0.342917 0.482510 0.402917 0.537477 0.367917 0.399230
2 0.504583 0.334270 0.535417 0.373333 0.589583 0.509160 0.639583 0.490840 0.592917 0.355923 0.504583 0.334270
2 0.829583 0.850613 0.812917 0.800643 0.682917 0.742347 0.767917 0.838953 0.718750 0.852500 0.724583 0.922233 0.796250 0.933893 0.829583 0.850613
