2 0.346094 0.175781 0.419531 0.175781 0.419531 0.217969 0.346094 0.217969
2 0.548047 0.323437 0.636328 0.323437 0.636328 0.379688 0.548047 0.379688
2 0.331250 0.400781 0.409375 0.400781 0.409375 0.446094 0.331250 0.446094
2 0.514453 0.422656 0.604297 0.422656 0.604297 0.507031 0.514453 0.507031
2 0.379297 0.590234 0.431641 0.590234 0.431641 0.619141 0.379297 0.619141
2 0.425391 0.585938 0.498047 0.585938 0.498047 0.637500 0.425391 0.637500
2 0.480859 0.606641 0.564453 0.606641 0.564453 0.654297 0.480859 0.654297
2 0.091797 0.832031 0.189453 0.832031 0.189453 0.874219 0.091797 0.874219
2 0.693750 0.208203 0.760937 0.208203 0.760937 0.232422 0.693750 0.232422
2 0.714844 0.000391 0.788281 0.000391 0.788281 0.026172 0.714844 0.026172
