2 0.162891 0.399219 0.294922 0.399219 0.294922 0.502344 0.162891 0.502344
2 0.170703 0.273438 0.249609 0.273438 0.249609 0.331250 0.170703 0.331250
2 0.273438 0.291797 0.353125 0.291797 0.353125 0.344141 0.273438 0.344141
2 0.337891 0.300391 0.424609 0.300391 0.424609 0.335547 0.337891 0.335547
2 0.723047 0.058984 0.814453 0.058984 0.814453 0.139453 0.723047 0.139453
2 0.545703 0.362891 0.602734 0.362891 0.602734 0.477734 0.545703 0.477734
2 0.447656 0.454688 0.546094 0.454688 0.546094 0.506250 0.447656 0.506250
2 0.212500 0.523438 0.331250 0.523438 0.331250 0.582812 0.212500 0.582812
2 0.173047 0.646094 0.255078 0.646094 0.255078 0.677344 0.173047 0.677344
2 0.466797 0.540234 0.512891 0.540234 0.512891 0.586328 0.466797 0.586328
2 0.312500 0.671094 0.406250 0.671094 0.406250 0.750781 0.312500 0.750781
2 0.320312 0.771094 0.409375 0.771094 0.409375 0.875781 0.320312 0.875781
2 0.539453 0.831641 0.652734 0.831641 0.652734 0.912109 0.539453 0.912109
2 0.604297 0.596094 0.661328 0.596094 0.661328 0.705469 0.604297 0.705469
