2 0.322917 0.264313 0.351250 0.289300 0.404583 0.197690 0.402917 0.151053 0.346250 0.154383 0.306250 0.212680 0.322917 0.264313
2 0.441406 0.177344 0.474219 0.177344 0.474219 0.252344 0.441406 0.252344
2 0.373047 0.396484 0.412891 0.396484 0.412891 0.470703 0.373047 0.470703
2 0.466406 0.373437 0.499219 0.373437 0.499219 0.439063 0.466406 0.439063
2 0.492188 0.489062 0.653125 0.489062 0.653125 0.531250 0.492188 0.531250
2 0.605859 0.205859 0.717578 0.205859 0.717578 0.251953 0.605859 0.251953
2 0.733203 0.169531 0.827734 0.169531 0.827734 0.238281 0.733203 0.238281
2 0.564453 0.075781 0.605859 0.075781 0.605859 0.169531 0.564453 0.169531
2 0.181641 0.183594 0.249609 0.183594 0.249609 0.250781 0.181641 0.250781
2 0.193750 0.250781 0.254688 0.250781 0.254688 0.402344 0.193750 0.402344
2 0.277344 0.444141 0.388281 0.444141 0.388281 0.571484 0.277344 0.571484
