2 0.554297 0.029688 0.656641 0.029688 0.656641 0.085938 0.554297 0.085938
2 0.706250 0.083594 0.776563 0.083594 0.776563 0.127344 0.706250 0.127344
2 0.389453 0.021094 0.496484 0.021094 0.496484 0.067969 0.389453 0.067969
2 0.291406 0.075000 0.400781 0.075000 0.400781 0.114062 0.291406 0.114062
2 0.153516 0.034375 0.304297 0.034375 0.304297 0.089063 0.153516 0.089063
2 0.000000 0.239844 0.104688 0.239844 0.104688 0.280469 0.000000 0.280469
2 0.273047 0.218750 0.364453 0.218750 0.364453 0.260937 0.273047 0.260937
2 0.423047 0.250781 0.516016 0.250781 0.516016 0.292969 0.423047 0.292969
2 0.827344 0.487891 0.889844 0.487891 0.889844 0.529297 0.827344 0.529297
2 0.623047 0.629297 0.684766 0.629297 0.684766 0.669141 0.623047 0.669141
2 0.737891 0.612891 0.794922 0.612891 0.794922 0.637109 0.737891 0.637109
2 0.820703 0.629297 0.879297 0.629297 0.879297 0.673828 0.820703 0.673828
2 0.304297 0.788281 0.386328 0.788281 0.386328 0.822656 0.304297 0.822656
2 0.070703 0.669141 0.174609 0.669141 0.174609 0.705859 0.070703 0.705859
2 0.022656 0.491797 0.100781 0.491797 0.100781 0.542578 0.022656 0.542578
