2 0.173047 0.430078 0.256641 0.430078 0.256641 0.479297 0.173047 0.479297
2 0.085547 0.579297 0.156641 0.579297 0.156641 0.625391 0.085547 0.625391
2 0.216797 0.585938 0.259766 0.585938 0.259766 0.715625 0.216797 0.715625
2 0.164062 0.745703 0.234375 0.745703 0.234375 0.829297 0.164062 0.829297
2 0.335547 0.792187 0.441016 0.792187 0.441016 0.912500 0.335547 0.912500
2 0.476562 0.523438 0.534375 0.523438 0.534375 0.634375 0.476562 0.634375
2 0.385156 0.466797 0.424219 0.466797 0.424219 0.497266 0.385156 0.497266
2 0.408594 0.379688 0.467969 0.379688 0.467969 0.432812 0.408594 0.432812
2 0.154297 0.290625 0.264453 0.290625 0.264453 0.412500 0.154297 0.412500
2 0.189062 0.187500 0.259375 0.187500 0.259375 0.239063 0.189062 0.239063
2 0.280859 0.187500 0.389453 0.187500 0.389453 0.260937 0.280859 0.260937
2 0.476562 0.277344 0.550000 0.277344 0.550000 0.386719 0.476562 0.386719
