2 0.345703 0.446484 0.499609 0.446484 0.499609 0.512891 0.345703 0.512891
2 0.487891 0.560547 0.546484 0.560547 0.546484 0.619141 0.487891 0.619141
2 0.576953 0.533984 0.630859 0.533984 0.630859 0.611328 0.576953 0.611328
2 0.166406 0.763281 0.274219 0.763281 0.274219 0.827344 0.166406 0.827344
2 0.283594 0.736328 0.439844 0.736328 0.439844 0.807422 0.283594 0.807422
2 0.387500 0.840234 0.432812 0.840234 0.432812 0.920703 0.387500 0.920703
2 0.528906 0.750391 0.571094 0.750391 0.571094 0.835547 0.528906 0.835547
2 0.591406 0.735547 0.719531 0.735547 0.719531 0.850391 0.591406 0.850391
2 0.748047 0.596094 0.816016 0.596094 0.816016 0.738281 0.748047 0.738281
2 0.756250 0.742188 0.807812 0.742188 0.807812 0.810938 0.756250 0.810938
2 0.614844 0.479297 0.741406 0.479297 0.741406 0.522266 0.614844 0.522266
2 0.091406 0.573047 0.224219 0.573047 0.224219 0.644141 0.091406 0.644141
