2 0.382812 0.548828 0.459375 0.548828 0.459375 0.654297 0.382812 0.654297
2 0.387500 0.754297 0.435938 0.754297 0.435938 0.819141 0.387500 0.819141
2 0.566797 0.614062 0.605078 0.614062 0.605078 0.635938 0.566797 0.635938
2 0.458594 0.647656 0.516406 0.647656 0.516406 0.713281 0.458594 0.713281
2 0.520703 0.514844 0.555859 0.514844 0.555859 0.550781 0.520703 0.550781
2 0.623047 0.512500 0.661328 0.512500 0.661328 0.539062 0.623047 0.539062
2 0.683203 0.412500 0.729297 0.412500 0.729297 0.484375 0.683203 0.484375
2 0.512891 0.359766 0.619922 0.359766 0.619922 0.452734 0.512891 0.452734
2 0.664844 0.321484 0.817969 0.321484 0.817969 0.362891 0.664844 0.362891
2 0.596094 0.152734 0.639844 0.152734 0.639844 0.181641 0.596094 0.181641
