2 0.021094 0.193750 0.069531 0.193750 0.069531 0.314063 0.021094 0.314063
2 0.039453 0.139844 0.082422 0.139844 0.082422 0.196094 0.039453 0.196094
2 0.070703 0.271094 0.124609 0.271094 0.124609 0.405469 0.070703 0.405469
2 0.014844 0.379297 0.063281 0.379297 0.063281 0.500391 0.014844 0.500391
2 0.035547 0.537500 0.083203 0.537500 0.083203 0.667187 0.035547 0.667187
2 0.072656 0.673047 0.125781 0.673047 0.125781 0.772266 0.072656 0.772266
2 0.264453 0.431641 0.296484 0.431641 0.296484 0.526172 0.264453 0.526172
2 0.205859 0.275000 0.262891 0.275000 0.262891 0.364063 0.205859 0.364063
2 0.233203 0.027734 0.277734 0.027734 0.277734 0.108203 0.233203 0.108203
2 0.510547 0.019141 0.541016 0.019141 0.541016 0.104297 0.510547 0.104297
2 0.666797 0.066797 0.705078 0.066797 0.705078 0.166016 0.666797 0.166016
2 0.800000 0.287500 0.831250 0.287500 0.831250 0.392188 0.800000 0.392188
2 0.629297 0.627734 0.662891 0.627734 0.662891 0.687891 0.629297 0.687891
2 0.481250 0.802344 0.532813 0.802344 0.532813 0.927344 0.481250 0.927344
2 0.598047 0.721484 0.637891 0.721484 0.637891 0.789453 0.598047 0.789453
2 0.610547 0.802344 0.661328 0.802344 0.661328 0.903906 0.610547 0.903906
