2 0.331250 0.371484 0.384375 0.371484 0.384375 0.414453 0.331250 0.414453
2 0.385156 0.408984 0.419531 0.408984 0.419531 0.439453 0.385156 0.439453
2 0.429688 0.404688 0.478125 0.404688 0.478125 0.434375 0.429688 0.434375
2 0.770703 0.108203 0.829297 0.108203 0.829297 0.158984 0.770703 0.158984
2 0.216797 0.621094 0.281641 0.621094 0.281641 0.649219 0.216797 0.649219
2 0.129297 0.700391 0.183203 0.700391 0.183203 0.738672 0.129297 0.738672
2 0.331250 0.721094 0.384375 0.721094 0.384375 0.753906 0.331250 0.753906
2 0.337500 0.646094 0.384375 0.646094 0.384375 0.680469 0.337500 0.680469
2 0.385547 0.581250 0.430078 0.581250 0.430078 0.614062 0.385547 0.614062
2 0.266250 0.524150 0.247917 0.587917 0.312917 0.564127 0.351250 0.517490 0.309583 0.505830 0.266250 0.524150
