2 0.452344 0.373438 0.517969 0.373438 0.517969 0.487500 0.452344 0.487500
2 0.560547 0.500391 0.606641 0.500391 0.606641 0.532422 0.560547 0.532422
2 0.535156 0.588281 0.599219 0.588281 0.599219 0.621094 0.535156 0.621094
2 0.451953 0.612891 0.521484 0.612891 0.521484 0.733984 0.451953 0.733984
2 0.756641 0.508984 0.819922 0.508984 0.819922 0.567578 0.756641 0.567578
2 0.712500 0.590625 0.859375 0.590625 0.859375 0.710938 0.712500 0.710938
2 0.629297 0.754688 0.736328 0.754688 0.736328 0.790625 0.629297 0.790625
2 0.739453 0.758594 0.801172 0.758594 0.801172 0.803906 0.739453 0.803906
2 0.748438 0.160937 0.828125 0.160937 0.828125 0.407813 0.748438 0.407813
2 0.581250 0.074219 0.654687 0.074219 0.654687 0.221094 0.581250 0.221094
2 0.847656 0.392188 0.924219 0.392188 0.924219 0.431250 0.847656 0.431250
