2 0.173047 0.060938 0.287891 0.060938 0.287891 0.132812 0.173047 0.132812
2 0.189453 0.262500 0.257422 0.262500 0.257422 0.312500 0.189453 0.312500
2 0.333203 0.597656 0.404297 0.597656 0.404297 0.721094 0.333203 0.721094
2 0.402344 0.824219 0.466406 0.824219 0.466406 0.907031 0.402344 0.907031
2 0.591797 0.779297 0.664453 0.779297 0.664453 0.845703 0.591797 0.845703
2 0.600391 0.665234 0.671484 0.665234 0.671484 0.770703 0.600391 0.770703
2 0.489453 0.550000 0.549609 0.550000 0.549609 0.589063 0.489453 0.589063
2 0.472656 0.456641 0.549219 0.456641 0.549219 0.504297 0.472656 0.504297
2 0.400000 0.358594 0.476562 0.358594 0.476562 0.452344 0.400000 0.452344
2 0.575391 0.294141 0.748047 0.294141 0.748047 0.351172 0.575391 0.351172
2 0.741797 0.271484 0.861328 0.271484 0.861328 0.337891 0.741797 0.337891
2 0.721094 0.429297 0.841406 0.429297 0.841406 0.498828 0.721094 0.498828
2 0.685547 0.529687 0.787891 0.529687 0.787891 0.565625 0.685547 0.565625
2 0.739453 0.642578 0.826172 0.642578 0.826172 0.680859 0.739453 0.680859
