2 0.804297 0.477734 0.916016 0.477734 0.916016 0.536328 0.804297 0.536328
2 0.618359 0.619141 0.691016 0.619141 0.691016 0.662109 0.618359 0.662109
2 0.727344 0.604297 0.791406 0.604297 0.791406 0.647266 0.727344 0.647266
2 0.831250 0.629297 0.884375 0.629297 0.884375 0.669141 0.831250 0.669141
2 0.293750 0.785938 0.409375 0.785938 0.409375 0.837500 0.293750 0.837500
2 0.045703 0.670703 0.173047 0.670703 0.173047 0.710547 0.045703 0.710547
2 0.023047 0.506250 0.106641 0.506250 0.106641 0.542187 0.023047 0.542187
2 0.003906 0.225391 0.100781 0.225391 0.100781 0.307422 0.003906 0.307422
2 0.272656 0.218750 0.350781 0.218750 0.350781 0.264062 0.272656 0.264062
2 0.423047 0.260547 0.556641 0.260547 0.556641 0.298828 0.423047 0.298828
2 0.155859 0.033594 0.317578 0.033594 0.317578 0.077344 0.155859 0.077344
2 0.262500 0.079297 0.403125 0.079297 0.403125 0.117578 0.262500 0.117578
2 0.389844 0.019531 0.519531 0.019531 0.519531 0.067969 0.389844 0.067969
2 0.531250 0.031641 0.678125 0.031641 0.678125 0.099609 0.531250 0.099609
2 0.695703 0.079687 0.777734 0.079687 0.777734 0.126562 0.695703 0.126562
