2 0.742917 0.694043 0.682917 0.679053 0.789583 0.795647 0.852917 0.857277 0.877917 0.818967 0.742917 0.694043
2 0.368750 0.398438 0.435937 0.398438 0.435937 0.456250 0.368750 0.456250
2 0.410156 0.369141 0.447656 0.369141 0.447656 0.404297 0.410156 0.404297
2 0.470703 0.518750 0.502734 0.518750 0.502734 0.539062 0.470703 0.539062
2 0.498438 0.581641 0.528125 0.581641 0.528125 0.608984 0.498438 0.608984
2 0.610547 0.630078 0.636328 0.630078 0.636328 0.655859 0.610547 0.655859
2 0.531250 0.564844 0.554688 0.564844 0.554688 0.602344 0.531250 0.602344
2 0.564844 0.579687 0.616406 0.579687 0.616406 0.609375 0.564844 0.609375
2 0.620703 0.588281 0.652734 0.588281 0.652734 0.619531 0.620703 0.619531
2 0.556641 0.527344 0.598047 0.527344 0.598047 0.549219 0.556641 0.549219
