2 0.474583 0.527483 0.486250 0.485843 0.412917 0.427547 0.387917 0.469187 0.416250 0.509160 0.474583 0.527483
2 0.368750 0.327344 0.451562 0.327344 0.451562 0.375781 0.368750 0.375781
2 0.249609 0.196484 0.316016 0.196484 0.316016 0.236328 0.249609 0.236328
2 0.579297 0.180078 0.661328 0.180078 0.661328 0.224609 0.579297 0.224609
2 0.530859 0.308594 0.614453 0.308594 0.614453 0.349219 0.530859 0.349219
2 0.583203 0.390234 0.655859 0.390234 0.655859 0.436328 0.583203 0.436328
2 0.447656 0.621094 0.499219 0.621094 0.499219 0.655469 0.447656 0.655469
2 0.514844 0.604297 0.569531 0.604297 0.569531 0.644141 0.514844 0.644141
2 0.573438 0.594141 0.628125 0.594141 0.628125 0.632422 0.573438 0.632422
2 0.862109 0.633594 0.917578 0.633594 0.917578 0.675781 0.862109 0.675781
2 0.822656 0.823438 0.899219 0.823438 0.899219 0.867188 0.822656 0.867188
2 0.848438 0.896484 0.928125 0.896484 0.928125 0.942578 0.848438 0.942578
