2 0.174609 0.477344 0.291016 0.477344 0.291016 0.527344 0.174609 0.527344
2 0.131250 0.505078 0.207813 0.505078 0.207813 0.554297 0.131250 0.554297
2 0.056641 0.614844 0.173047 0.614844 0.173047 0.680469 0.056641 0.680469
2 0.208203 0.631250 0.298047 0.631250 0.298047 0.693750 0.208203 0.693750
2 0.308594 0.523438 0.386719 0.523438 0.386719 0.592188 0.308594 0.592188
2 0.558594 0.660937 0.617969 0.660937 0.617969 0.714063 0.558594 0.714063
2 0.718359 0.658594 0.792578 0.658594 0.792578 0.700781 0.718359 0.700781
2 0.791797 0.615234 0.911328 0.615234 0.911328 0.670703 0.791797 0.670703
2 0.678906 0.532031 0.822656 0.532031 0.822656 0.600781 0.678906 0.600781
2 0.856641 0.583594 0.924609 0.583594 0.924609 0.628906 0.856641 0.628906
2 0.514453 0.558984 0.599609 0.558984 0.599609 0.611328 0.514453 0.611328
