2 0.385417 0.392083 0.414583 0.444203 0.447917 0.334270 0.432917 0.329273 0.385417 0.392083
2 0.324583 0.434207 0.272917 0.469187 0.279583 0.552467 0.326250 0.549137 0.342917 0.474183 0.324583 0.434207
2 0.037917 0.765667 0.074583 0.815633 0.112917 0.702373 0.211250 0.645740 0.200000 0.587917 0.102917 0.655737 0.071250 0.735687 0.037917 0.765667
2 0.469583 0.590777 0.456250 0.521250 0.417917 0.559130 0.427917 0.604100 0.469583 0.590777
2 0.397917 0.687383 0.397917 0.621250 0.362917 0.640743 0.366250 0.707370 0.397917 0.687383
2 0.764583 0.221010 0.752083 0.154583 0.727917 0.184367 0.721250 0.240997 0.764583 0.221010
2 0.589583 0.339267 0.616250 0.322610 0.581250 0.281667 0.589583 0.339267
2 0.452917 0.444203 0.499583 0.405893 0.509583 0.380907 0.501250 0.365917 0.454098 0.406756 0.452917 0.444203
2 0.742917 0.300960 0.737917 0.237663 0.702917 0.280970 0.711250 0.332607 0.742917 0.300960
2 0.527917 0.452530 0.582917 0.420883 0.577083 0.360833 0.581250 0.355923 0.516250 0.405893 0.527917 0.452530
