2 0.337891 0.373437 0.374609 0.373437 0.374609 0.412500 0.337891 0.412500
2 0.375391 0.400000 0.424609 0.400000 0.424609 0.442188 0.375391 0.442188
2 0.422656 0.402734 0.469531 0.402734 0.469531 0.434766 0.422656 0.434766
2 0.312917 0.514157 0.271250 0.529147 0.247917 0.564127 0.252083 0.587917 0.291250 0.575787 0.337917 0.542473 0.352917 0.514157 0.312917 0.514157
2 0.333333 0.765000 0.366250 0.737350 0.399583 0.677390 0.327917 0.732353 0.333333 0.765000
2 0.764583 0.119407 0.751250 0.146057 0.764583 0.175417 0.811250 0.144390 0.816250 0.106080 0.782917 0.102750 0.764583 0.119407
2 0.210156 0.625391 0.275781 0.625391 0.275781 0.655859 0.210156 0.655859
2 0.122656 0.704688 0.174219 0.704688 0.174219 0.735938 0.122656 0.735938
2 0.339844 0.657031 0.363281 0.657031 0.363281 0.672656 0.339844 0.672656
2 0.383594 0.581641 0.419531 0.581641 0.419531 0.605859 0.383594 0.605859
2 0.226250 0.837287 0.196250 0.838953 0.164583 0.875417 0.166250 0.907243 0.192917 0.880593 0.226250 0.837287
