2 0.312500 0.102734 0.382812 0.102734 0.382812 0.183203 0.312500 0.183203
2 0.366797 0.216797 0.386328 0.216797 0.386328 0.267578 0.366797 0.267578
2 0.339453 0.321094 0.374609 0.321094 0.374609 0.380469 0.339453 0.380469
2 0.179297 0.621484 0.216016 0.621484 0.216016 0.714453 0.179297 0.714453
2 0.298047 0.844141 0.337891 0.844141 0.337891 0.933984 0.298047 0.933984
2 0.462500 0.912891 0.503125 0.912891 0.503125 0.985547 0.462500 0.985547
2 0.458594 0.096484 0.513281 0.096484 0.513281 0.189453 0.458594 0.189453
2 0.706641 0.477734 0.749609 0.477734 0.749609 0.587891 0.706641 0.587891
2 0.739844 0.641797 0.766406 0.641797 0.766406 0.722266 0.739844 0.722266
2 0.701562 0.889063 0.779687 0.889063 0.779687 1.000000 0.701562 1.000000
2 0.879297 0.612891 0.934766 0.612891 0.934766 0.729297 0.879297 0.729297
2 0.933203 0.506641 0.980859 0.506641 0.980859 0.608984 0.933203 0.608984
2 0.887109 0.329297 0.967578 0.329297 0.967578 0.473828 0.887109 0.473828
2 0.870703 0.227344 0.904297 0.227344 0.904297 0.299219 0.870703 0.299219
2 0.906641 0.683594 0.969922 0.683594 0.969922 0.807031 0.906641 0.807031
