2 0.314453 0.338281 0.374609 0.338281 0.374609 0.371094 0.314453 0.371094
2 0.206641 0.358984 0.271484 0.358984 0.271484 0.387891 0.206641 0.387891
2 0.110547 0.335547 0.181641 0.335547 0.181641 0.372266 0.110547 0.372266
2 0.089453 0.462891 0.177734 0.462891 0.177734 0.510547 0.089453 0.510547
2 0.478906 0.704688 0.567969 0.704688 0.567969 0.739063 0.478906 0.739063
2 0.229297 0.876172 0.308203 0.876172 0.308203 0.919141 0.229297 0.919141
2 0.341797 0.905469 0.461328 0.905469 0.461328 0.958594 0.341797 0.958594
2 0.489844 0.932422 0.613281 0.932422 0.613281 0.980078 0.489844 0.980078
2 0.620703 0.875781 0.704297 0.875781 0.704297 0.922656 0.620703 0.922656
2 0.702344 0.919141 0.839844 0.919141 0.839844 0.971484 0.702344 0.971484
2 0.895703 0.710156 0.980859 0.710156 0.980859 0.764844 0.895703 0.764844
2 0.823438 0.304688 0.953125 0.304688 0.953125 0.337500 0.823438 0.337500
2 0.614453 0.169141 0.707422 0.169141 0.707422 0.224609 0.614453 0.224609
2 0.901563 0.454297 0.984375 0.454297 0.984375 0.500391 0.901563 0.500391
2 0.547656 0.479688 0.597656 0.479688 0.597656 0.507812 0.547656 0.507812
2 0.635547 0.738281 0.706641 0.738281 0.706641 0.771094 0.635547 0.771094
