2 0.503906 0.241016 0.597656 0.241016 0.597656 0.352734 0.503906 0.352734
2 0.614844 0.221484 0.664844 0.221484 0.664844 0.284766 0.614844 0.284766
2 0.373047 0.323437 0.414453 0.323437 0.414453 0.387500 0.373047 0.387500
2 0.096094 0.758984 0.167969 0.758984 0.167969 0.844141 0.096094 0.844141
2 0.394141 0.383984 0.444922 0.383984 0.444922 0.464453 0.394141 0.464453
2 0.578906 0.385547 0.617969 0.385547 0.617969 0.425391 0.578906 0.425391
2 0.645703 0.337891 0.674609 0.337891 0.674609 0.383984 0.645703 0.383984
2 0.729297 0.147266 0.784766 0.147266 0.784766 0.204297 0.729297 0.204297
2 0.800000 0.100781 0.856250 0.100781 0.856250 0.141406 0.800000 0.141406
2 0.692188 0.115234 0.728125 0.115234 0.728125 0.164453 0.692188 0.164453
2 0.833594 0.142578 0.911719 0.142578 0.911719 0.215234 0.833594 0.215234
2 0.675391 0.328906 0.769922 0.328906 0.769922 0.402344 0.675391 0.402344
