2 0.436250 0.259317 0.459583 0.206017 0.481250 0.134397 0.444583 0.166043 0.409583 0.232667 0.372917 0.309287 0.331250 0.325943 0.361250 0.345930 0.417917 0.345930 0.434583 0.319280 0.447917 0.294297 0.436250 0.259317
2 0.166250 0.587443 0.224583 0.575787 0.287917 0.525817 0.274583 0.504163 0.292917 0.470850 0.346250 0.457527 0.396250 0.437540 0.361250 0.415887 0.352917 0.390903 0.309583 0.395900 0.270833 0.371250 0.254583 0.445867 0.232917 0.500833 0.166250 0.587443
2 0.681250 0.111077 0.629583 0.196023 0.584583 0.234333 0.551250 0.272643 0.560417 0.321250 0.614583 0.324277 0.652917 0.259317 0.672917 0.182700 0.681250 0.111077
2 0.502344 0.100000 0.561719 0.100000 0.561719 0.135937 0.502344 0.135937
2 0.539453 0.489844 0.605859 0.489844 0.605859 0.527344 0.539453 0.527344
2 0.314844 0.512500 0.369531 0.512500 0.369531 0.539062 0.314844 0.539062
2 0.398047 0.479688 0.433203 0.479688 0.433203 0.515625 0.398047 0.515625
2 0.466797 0.544141 0.508203 0.544141 0.508203 0.577734 0.466797 0.577734
2 0.505859 0.463281 0.539453 0.463281 0.539453 0.494531 0.505859 0.494531
2 0.499609 0.405078 0.567578 0.405078 0.567578 0.452734 0.499609 0.452734
2 0.539844 0.367578 0.588281 0.367578 0.588281 0.402734 0.539844 0.402734
2 0.522656 0.665234 0.550781 0.665234 0.550781 0.687891 0.522656 0.687891
2 0.589844 0.673828 0.641406 0.673828 0.641406 0.716797 0.589844 0.716797
2 0.578906 0.575000 0.622656 0.575000 0.622656 0.615625 0.578906 0.615625
2 0.706641 0.292969 0.746484 0.292969 0.746484 0.357031 0.706641 0.357031
2 0.726953 0.262500 0.771484 0.262500 0.771484 0.289062 0.726953 0.289062
2 0.756641 0.296484 0.794922 0.296484 0.794922 0.334766 0.756641 0.334766
2 0.781250 0.129297 0.803125 0.129297 0.803125 0.164453 0.781250 0.164453
2 0.739453 0.110547 0.776172 0.110547 0.776172 0.141016 0.739453 0.141016
2 0.225391 0.682422 0.299609 0.682422 0.299609 0.756641 0.225391 0.756641
2 0.141797 0.793750 0.216016 0.793750 0.216016 0.856250 0.141797 0.856250
2 0.241797 0.732031 0.339453 0.732031 0.339453 0.789844 0.241797 0.789844
2 0.320703 0.600781 0.371484 0.600781 0.371484 0.646094 0.320703 0.646094
2 0.793750 0.069531 0.853125 0.069531 0.853125 0.096094 0.793750 0.096094
