2 0.623047 0.171484 0.705078 0.171484 0.705078 0.209766 0.623047 0.209766
2 0.318750 0.337891 0.381250 0.337891 0.381250 0.379297 0.318750 0.379297
2 0.222656 0.357031 0.275781 0.357031 0.275781 0.394531 0.222656 0.394531
2 0.114844 0.335938 0.191406 0.335938 0.191406 0.381250 0.114844 0.381250
2 0.089453 0.463281 0.205859 0.463281 0.205859 0.524219 0.089453 0.524219
2 0.473047 0.698047 0.580078 0.698047 0.580078 0.751953 0.473047 0.751953
2 0.212109 0.883984 0.314453 0.883984 0.314453 0.919141 0.212109 0.919141
2 0.341797 0.927734 0.462891 0.927734 0.462891 0.966016 0.341797 0.966016
2 0.493359 0.932422 0.612891 0.932422 0.612891 0.975391 0.493359 0.975391
2 0.619141 0.888281 0.721484 0.888281 0.721484 0.924219 0.619141 0.924219
2 0.708203 0.918750 0.796484 0.918750 0.796484 0.979688 0.708203 0.979688
2 0.795703 0.912891 0.848047 0.912891 0.848047 0.958984 0.795703 0.958984
2 0.891797 0.723828 0.981641 0.723828 0.981641 0.773047 0.891797 0.773047
2 0.942187 0.682812 1.000000 0.682812 1.000000 0.732812 0.942187 0.732812
2 0.902344 0.455859 0.992969 0.455859 0.992969 0.487891 0.902344 0.487891
2 0.831250 0.281250 0.951562 0.281250 0.951562 0.340625 0.831250 0.340625
