2 0.486250 0.114410 0.336250 0.314283 0.344583 0.412553 0.372917 0.373333 0.429583 0.344263 0.444583 0.275973 0.486250 0.114410
2 0.300391 0.394141 0.349609 0.394141 0.349609 0.435547 0.300391 0.435547
2 0.323437 0.415234 0.403125 0.415234 0.403125 0.461328 0.323437 0.461328
2 0.298047 0.502344 0.383203 0.502344 0.383203 0.557031 0.298047 0.557031
2 0.323047 0.583594 0.386328 0.583594 0.386328 0.649219 0.323047 0.649219
2 0.208594 0.673828 0.316406 0.673828 0.316406 0.773047 0.208594 0.773047
2 0.537917 0.287633 0.614583 0.342083 0.701250 0.106080 0.651250 0.111077 0.587917 0.221010 0.537917 0.287633
2 0.460938 0.539062 0.512500 0.539062 0.512500 0.578125 0.460938 0.578125
2 0.389844 0.475781 0.441406 0.475781 0.441406 0.527344 0.389844 0.527344
2 0.548047 0.487109 0.608203 0.487109 0.608203 0.531641 0.548047 0.531641
