2 0.933594 0.404688 0.986719 0.404688 0.986719 0.510938 0.933594 0.510938
2 0.879297 0.290234 0.930078 0.290234 0.930078 0.384766 0.879297 0.384766
2 0.916797 0.210547 0.966016 0.210547 0.966016 0.316016 0.916797 0.316016
2 0.698438 0.429297 0.753125 0.429297 0.753125 0.522266 0.698438 0.522266
2 0.914453 0.546094 0.974609 0.546094 0.974609 0.658594 0.914453 0.658594
2 0.875000 0.688281 0.934375 0.688281 0.934375 0.775781 0.875000 0.775781
2 0.470703 0.821094 0.523047 0.821094 0.523047 0.908594 0.470703 0.908594
2 0.339453 0.823437 0.382422 0.823437 0.382422 0.889062 0.339453 0.889062
2 0.350000 0.725391 0.381250 0.725391 0.381250 0.790234 0.350000 0.790234
2 0.337891 0.635547 0.373047 0.635547 0.373047 0.676953 0.337891 0.676953
2 0.180859 0.295703 0.214453 0.295703 0.214453 0.373047 0.180859 0.373047
2 0.310547 0.062500 0.330078 0.062500 0.330078 0.162500 0.310547 0.162500
2 0.468750 0.014453 0.503125 0.014453 0.503125 0.104297 0.468750 0.104297
2 0.706641 0.000000 0.769922 0.000000 0.769922 0.114062 0.706641 0.114062
2 0.910547 0.167187 0.959766 0.167187 0.959766 0.203125 0.910547 0.203125
2 0.473047 0.406641 0.508203 0.406641 0.508203 0.460547 0.473047 0.460547
