2 0.198047 0.325391 0.237891 0.325391 0.237891 0.351172 0.198047 0.351172
2 0.243750 0.321094 0.276562 0.321094 0.276562 0.350781 0.243750 0.350781
2 0.269141 0.319141 0.324609 0.319141 0.324609 0.360547 0.269141 0.360547
2 0.339844 0.144141 0.419531 0.144141 0.419531 0.202734 0.339844 0.202734
2 0.273047 0.412891 0.316016 0.412891 0.316016 0.482422 0.273047 0.482422
2 0.335547 0.506250 0.391016 0.506250 0.391016 0.540625 0.335547 0.540625
2 0.389453 0.610547 0.430859 0.610547 0.430859 0.645703 0.389453 0.645703
2 0.446094 0.529297 0.488281 0.529297 0.488281 0.548828 0.446094 0.548828
2 0.399609 0.446094 0.441016 0.446094 0.441016 0.478906 0.399609 0.478906
2 0.404297 0.375781 0.486328 0.375781 0.486328 0.453906 0.404297 0.453906
2 0.467188 0.275391 0.504688 0.275391 0.504688 0.327734 0.467188 0.327734
2 0.504167 0.650417 0.477917 0.675723 0.554583 0.712367 0.504167 0.650417
2 0.632917 0.817300 0.570833 0.750417 0.546250 0.798980 0.612917 0.832290 0.632917 0.817300
2 0.574583 0.572453 0.545833 0.571250 0.596250 0.645740 0.617917 0.630750 0.622917 0.610763 0.574583 0.572453
