2 0.552344 0.577734 0.619531 0.577734 0.619531 0.641016 0.552344 0.641016
2 0.435547 0.658984 0.483203 0.658984 0.483203 0.773828 0.435547 0.773828
2 0.408203 0.504297 0.451172 0.504297 0.451172 0.569141 0.408203 0.569141
2 0.477344 0.392188 0.513281 0.392188 0.513281 0.482812 0.477344 0.482812
2 0.289844 0.642188 0.342969 0.642188 0.342969 0.712500 0.289844 0.712500
2 0.108594 0.801953 0.144531 0.801953 0.144531 0.860547 0.108594 0.860547
2 0.164453 0.743750 0.205859 0.743750 0.205859 0.792187 0.164453 0.792187
2 0.258594 0.729297 0.286719 0.729297 0.286719 0.787891 0.258594 0.787891
2 0.356250 0.646094 0.407812 0.646094 0.407812 0.719531 0.356250 0.719531
2 0.804583 0.412553 0.892917 0.255987 0.836250 0.290963 0.816250 0.355923 0.754583 0.414220 0.685417 0.448333 0.686250 0.454197 0.691250 0.494170 0.804583 0.412553
