2 0.596250 0.690713 0.525000 0.671250 0.504583 0.709037 0.581250 0.740683 0.596250 0.690713
2 0.643750 0.692188 0.684375 0.692188 0.684375 0.814063 0.643750 0.814063
2 0.805859 0.596484 0.862891 0.596484 0.862891 0.639453 0.805859 0.639453
2 0.556250 0.540234 0.631250 0.540234 0.631250 0.594141 0.556250 0.594141
2 0.179297 0.391797 0.259766 0.391797 0.259766 0.444141 0.179297 0.444141
2 0.347656 0.380078 0.419531 0.380078 0.419531 0.452734 0.347656 0.452734
2 0.287891 0.460547 0.371484 0.460547 0.371484 0.522266 0.287891 0.522266
2 0.362891 0.573047 0.394922 0.573047 0.394922 0.600391 0.362891 0.600391
2 0.460156 0.619141 0.496094 0.619141 0.496094 0.658984 0.460156 0.658984
2 0.458203 0.527344 0.480859 0.527344 0.480859 0.553906 0.458203 0.553906
2 0.506250 0.552734 0.551563 0.552734 0.551563 0.594141 0.506250 0.594141
