2 0.481250 0.378906 0.579688 0.378906 0.579688 0.477344 0.481250 0.477344
2 0.607812 0.373828 0.659375 0.373828 0.659375 0.441797 0.607812 0.441797
2 0.785547 0.572656 0.831641 0.572656 0.831641 0.669531 0.785547 0.669531
2 0.552344 0.595703 0.591406 0.595703 0.591406 0.673047 0.552344 0.673047
2 0.655859 0.549219 0.691016 0.549219 0.691016 0.621094 0.655859 0.621094
2 0.114453 0.823828 0.179297 0.823828 0.179297 0.915234 0.114453 0.915234
2 0.372656 0.580469 0.397656 0.580469 0.397656 0.646094 0.372656 0.646094
2 0.350391 0.519141 0.396484 0.519141 0.396484 0.571484 0.350391 0.571484
2 0.347656 0.449219 0.372656 0.449219 0.372656 0.496094 0.347656 0.496094
2 0.756250 0.244531 0.806250 0.244531 0.806250 0.321094 0.756250 0.321094
2 0.810547 0.316016 0.881641 0.316016 0.881641 0.379297 0.810547 0.379297
2 0.983203 0.231250 0.999609 0.231250 0.999609 0.279688 0.983203 0.279688
