2 0.664453 0.200781 0.746484 0.200781 0.746484 0.260156 0.664453 0.260156
2 0.698438 0.272656 0.753125 0.272656 0.753125 0.319531 0.698438 0.319531
2 0.621484 0.347266 0.689453 0.347266 0.689453 0.402734 0.621484 0.402734
2 0.393750 0.473438 0.459375 0.473438 0.459375 0.514062 0.393750 0.514062
2 0.255859 0.527734 0.316016 0.527734 0.316016 0.569141 0.255859 0.569141
2 0.410547 0.598437 0.461328 0.598437 0.461328 0.635938 0.410547 0.635938
2 0.437891 0.537500 0.494922 0.537500 0.494922 0.592187 0.437891 0.592187
2 0.491797 0.406250 0.539453 0.406250 0.539453 0.465625 0.491797 0.465625
2 0.389844 0.379688 0.416406 0.379688 0.416406 0.415625 0.389844 0.415625
2 0.339844 0.354297 0.386719 0.354297 0.386719 0.392578 0.339844 0.392578
2 0.364062 0.282031 0.406250 0.282031 0.406250 0.322656 0.364062 0.322656
2 0.445703 0.310547 0.480859 0.310547 0.480859 0.345703 0.445703 0.345703
2 0.458594 0.248438 0.494531 0.248438 0.494531 0.284375 0.458594 0.284375
2 0.437500 0.212891 0.485938 0.212891 0.485938 0.257422 0.437500 0.257422
2 0.627344 0.533984 0.663281 0.533984 0.663281 0.569141 0.627344 0.569141
2 0.548047 0.462891 0.606641 0.462891 0.606641 0.526172 0.548047 0.526172
2 0.633203 0.458984 0.696484 0.458984 0.696484 0.494141 0.633203 0.494141
2 0.425391 0.867188 0.519922 0.867188 0.519922 0.918750 0.425391 0.918750
2 0.679583 0.602437 0.717917 0.649073 0.739583 0.659067 0.839583 0.399230 0.721250 0.449200 0.684583 0.467520 0.726250 0.519153 0.596250 0.550800 0.647917 0.605767 0.589583 0.660733 0.519583 0.659067 0.579583 0.694043 0.562500 0.721250 0.509583 0.853943 0.514583 0.887257 0.656250 0.652403 0.679583 0.602437
2 0.439583 0.690713 0.407917 0.649073 0.339583 0.732353 0.304583 0.825630 0.277917 0.873930 0.293750 0.900417 0.354583 0.887257 0.322917 0.848947 0.411250 0.755673 0.439583 0.690713
2 0.769583 0.217677 0.796250 0.216013 0.797917 0.214347 0.866250 0.174370 0.832917 0.132730 0.751250 0.184367 0.769583 0.217677
