2 0.283203 0.148047 0.324609 0.148047 0.324609 0.222266 0.283203 0.222266
2 0.289062 0.254688 0.334375 0.254688 0.334375 0.332813 0.289062 0.332813
2 0.289844 0.308594 0.341406 0.308594 0.341406 0.400781 0.289844 0.400781
2 0.405859 0.192188 0.492578 0.192188 0.492578 0.287500 0.405859 0.287500
2 0.522656 0.217578 0.572656 0.217578 0.572656 0.301172 0.522656 0.301172
2 0.648047 0.176953 0.681641 0.176953 0.681641 0.257422 0.648047 0.257422
2 0.531250 0.452344 0.581250 0.452344 0.581250 0.527344 0.531250 0.527344
2 0.456250 0.454297 0.503125 0.454297 0.503125 0.522266 0.456250 0.522266
2 0.352344 0.521484 0.467969 0.521484 0.467969 0.587891 0.352344 0.587891
2 0.062109 0.725781 0.139453 0.725781 0.139453 0.825781 0.062109 0.825781
2 0.623047 0.589844 0.705078 0.589844 0.705078 0.677344 0.623047 0.677344
2 0.673047 0.321094 0.756641 0.321094 0.756641 0.402344 0.673047 0.402344
2 0.798047 0.321094 0.859766 0.321094 0.859766 0.402344 0.798047 0.402344
2 0.829297 0.550391 0.914453 0.550391 0.914453 0.608984 0.829297 0.608984
2 0.264453 0.762891 0.321484 0.762891 0.321484 0.815234 0.264453 0.815234
