2 0.356641 0.629297 0.419922 0.629297 0.419922 0.672266 0.356641 0.672266
2 0.269141 0.698437 0.349609 0.698437 0.349609 0.743750 0.269141 0.743750
2 0.389453 0.783984 0.477734 0.783984 0.477734 0.842578 0.389453 0.842578
2 0.496094 0.638672 0.567969 0.638672 0.567969 0.719141 0.496094 0.719141
2 0.505859 0.589453 0.537891 0.589453 0.537891 0.621484 0.505859 0.621484
2 0.500000 0.503906 0.556250 0.503906 0.556250 0.546094 0.500000 0.546094
2 0.597656 0.462500 0.646094 0.462500 0.646094 0.498437 0.597656 0.498437
2 0.618359 0.375781 0.666016 0.375781 0.666016 0.402344 0.618359 0.402344
2 0.697656 0.287500 0.772656 0.287500 0.772656 0.329688 0.697656 0.329688
2 0.785547 0.041797 0.937891 0.041797 0.937891 0.245703 0.785547 0.245703
