2 0.169583 0.224340 0.261250 0.319280 0.321250 0.347597 0.306250 0.300960 0.191250 0.189363 0.167917 0.152720 0.119583 0.156050 0.169583 0.224340
2 0.154297 0.071484 0.187891 0.071484 0.187891 0.087891 0.154297 0.087891
2 0.449609 0.431641 0.487891 0.431641 0.487891 0.457422 0.449609 0.457422
2 0.462891 0.383984 0.519922 0.383984 0.519922 0.419141 0.462891 0.419141
2 0.700000 0.721094 0.757812 0.721094 0.757812 0.750781 0.700000 0.750781
2 0.581641 0.563281 0.621484 0.563281 0.621484 0.597656 0.581641 0.597656
2 0.396094 0.461328 0.439844 0.461328 0.439844 0.477734 0.396094 0.477734
2 0.347656 0.387500 0.399219 0.387500 0.399219 0.417187 0.347656 0.417187
2 0.364453 0.344531 0.402734 0.344531 0.402734 0.374219 0.364453 0.374219
2 0.393750 0.312500 0.428125 0.312500 0.428125 0.339063 0.393750 0.339063
2 0.350000 0.304688 0.385937 0.304688 0.385937 0.334375 0.350000 0.334375
2 0.491797 0.460938 0.533203 0.460938 0.533203 0.490625 0.491797 0.490625
2 0.468359 0.533594 0.517578 0.533594 0.517578 0.552344 0.468359 0.552344
2 0.491406 0.500781 0.525781 0.500781 0.525781 0.524219 0.491406 0.524219
2 0.541797 0.512891 0.564453 0.512891 0.564453 0.532422 0.541797 0.532422
2 0.635547 0.580078 0.666016 0.580078 0.666016 0.604297 0.635547 0.604297
2 0.605859 0.548047 0.642578 0.548047 0.642578 0.575391 0.605859 0.575391
2 0.643750 0.605078 0.676562 0.605078 0.676562 0.630859 0.643750 0.630859
2 0.672656 0.669141 0.696094 0.669141 0.696094 0.685547 0.672656 0.685547
