2 0.160156 0.302734 0.269531 0.302734 0.269531 0.412891 0.160156 0.412891
2 0.177344 0.431641 0.263281 0.431641 0.263281 0.480859 0.177344 0.480859
2 0.072656 0.566797 0.175781 0.566797 0.175781 0.623828 0.072656 0.623828
2 0.212109 0.585547 0.262891 0.585547 0.262891 0.720703 0.212109 0.720703
2 0.166406 0.705469 0.246094 0.705469 0.246094 0.821094 0.166406 0.821094
2 0.487891 0.498828 0.546484 0.498828 0.546484 0.654297 0.487891 0.654297
2 0.356250 0.783984 0.456250 0.783984 0.456250 0.912891 0.356250 0.912891
2 0.380859 0.454688 0.437891 0.454688 0.437891 0.509375 0.380859 0.509375
2 0.385547 0.363281 0.462891 0.363281 0.462891 0.446094 0.385547 0.446094
2 0.162500 0.181641 0.254688 0.181641 0.254688 0.254297 0.162500 0.254297
2 0.266406 0.192188 0.321094 0.192188 0.321094 0.262500 0.266406 0.262500
2 0.305859 0.196484 0.389453 0.196484 0.389453 0.258203 0.305859 0.258203
2 0.469141 0.269531 0.549609 0.269531 0.549609 0.382031 0.469141 0.382031
