2 0.673047 0.514844 0.741016 0.514844 0.741016 0.600781 0.673047 0.600781
2 0.685547 0.631641 0.755078 0.631641 0.755078 0.682422 0.685547 0.682422
2 0.755859 0.638281 0.812891 0.638281 0.812891 0.675781 0.755859 0.675781
2 0.595703 0.812891 0.655859 0.812891 0.655859 0.865234 0.595703 0.865234
2 0.523047 0.548438 0.608203 0.548438 0.608203 0.637500 0.523047 0.637500
2 0.553906 0.505078 0.596094 0.505078 0.596094 0.552734 0.553906 0.552734
2 0.621094 0.448047 0.669531 0.448047 0.669531 0.497266 0.621094 0.497266
2 0.521094 0.448047 0.566406 0.448047 0.566406 0.494141 0.521094 0.494141
2 0.368359 0.362891 0.464453 0.362891 0.464453 0.457422 0.368359 0.457422
2 0.472656 0.288281 0.517969 0.288281 0.517969 0.371094 0.472656 0.371094
2 0.564844 0.362891 0.619531 0.362891 0.619531 0.408984 0.564844 0.408984
2 0.391406 0.196094 0.444531 0.196094 0.444531 0.255469 0.391406 0.255469
