2 0.380859 0.277344 0.462891 0.277344 0.462891 0.330469 0.380859 0.330469
2 0.220703 0.296484 0.307422 0.296484 0.307422 0.341016 0.220703 0.341016
2 0.089453 0.337891 0.223047 0.337891 0.223047 0.380859 0.089453 0.380859
2 0.189453 0.407031 0.304297 0.407031 0.304297 0.447656 0.189453 0.447656
2 0.608594 0.407031 0.686719 0.407031 0.686719 0.447656 0.608594 0.447656
2 0.712500 0.477734 0.806250 0.477734 0.806250 0.520703 0.712500 0.520703
2 0.687500 0.304688 0.779688 0.304688 0.779688 0.356250 0.687500 0.356250
2 0.844141 0.329297 0.923047 0.329297 0.923047 0.370703 0.844141 0.370703
2 0.806641 0.441797 0.871484 0.441797 0.871484 0.495703 0.806641 0.495703
2 0.414453 0.404687 0.498047 0.404687 0.498047 0.439063 0.414453 0.439063
