2 0.839453 0.137891 0.901172 0.137891 0.901172 0.176172 0.839453 0.176172
2 0.380859 0.621484 0.441016 0.621484 0.441016 0.667578 0.380859 0.667578
2 0.247656 0.756641 0.322656 0.756641 0.322656 0.807422 0.247656 0.807422
2 0.574609 0.779687 0.637891 0.779687 0.637891 0.818750 0.574609 0.818750
2 0.562500 0.644141 0.604688 0.644141 0.604688 0.685547 0.562500 0.685547
2 0.600000 0.558984 0.653125 0.558984 0.653125 0.595703 0.600000 0.595703
2 0.439844 0.337891 0.517969 0.337891 0.517969 0.383984 0.439844 0.383984
2 0.514844 0.363281 0.567969 0.363281 0.567969 0.399219 0.514844 0.399219
2 0.577344 0.379688 0.641406 0.379688 0.641406 0.404688 0.577344 0.404688
2 0.382917 0.545803 0.400000 0.575417 0.482917 0.534147 0.502917 0.484177 0.441250 0.485843 0.382917 0.545803
