2 0.464844 0.392578 0.517969 0.392578 0.517969 0.454297 0.464844 0.454297
2 0.414062 0.491797 0.459375 0.491797 0.459375 0.544141 0.414062 0.544141
2 0.364453 0.631250 0.401172 0.631250 0.401172 0.668750 0.364453 0.668750
2 0.455859 0.629687 0.491016 0.629687 0.491016 0.687500 0.455859 0.687500
2 0.539453 0.623047 0.582422 0.623047 0.582422 0.675391 0.539453 0.675391
2 0.581250 0.657031 0.609375 0.657031 0.609375 0.697656 0.581250 0.697656
2 0.648047 0.587500 0.687891 0.587500 0.687891 0.668750 0.648047 0.668750
2 0.598047 0.396094 0.639453 0.396094 0.639453 0.477344 0.598047 0.477344
2 0.531250 0.437891 0.578125 0.437891 0.578125 0.502734 0.531250 0.502734
2 0.269141 0.365234 0.346484 0.365234 0.346484 0.417578 0.269141 0.417578
2 0.314844 0.452734 0.341406 0.452734 0.341406 0.491016 0.314844 0.491016
2 0.148047 0.787500 0.206641 0.787500 0.206641 0.854687 0.148047 0.854687
2 0.200000 0.675781 0.253125 0.675781 0.253125 0.744531 0.200000 0.744531
2 0.258203 0.705469 0.307422 0.705469 0.307422 0.783594 0.258203 0.783594
2 0.614453 0.219141 0.649609 0.219141 0.649609 0.255859 0.614453 0.255859
2 0.666406 0.202734 0.700781 0.202734 0.700781 0.234766 0.666406 0.234766
2 0.708594 0.215234 0.738281 0.215234 0.738281 0.267578 0.708594 0.267578
2 0.864062 0.442187 0.909375 0.442187 0.909375 0.507812 0.864062 0.507812
2 0.799583 0.365917 0.826250 0.372580 0.891250 0.322610 0.779583 0.345930 0.691667 0.379583 0.701250 0.442537 0.762917 0.425880 0.799583 0.365917
