2 0.633594 0.321094 0.666406 0.321094 0.666406 0.378906 0.633594 0.378906
2 0.606250 0.207031 0.656250 0.207031 0.656250 0.269531 0.606250 0.269531
2 0.627344 0.106250 0.663281 0.106250 0.663281 0.187500 0.627344 0.187500
2 0.479297 0.093750 0.539453 0.093750 0.539453 0.189063 0.479297 0.189063
2 0.083203 0.237891 0.130859 0.237891 0.130859 0.302734 0.083203 0.302734
2 0.039844 0.329688 0.094531 0.329688 0.094531 0.460938 0.039844 0.460938
2 0.006250 0.494141 0.076563 0.494141 0.076563 0.610547 0.006250 0.610547
2 0.069141 0.607031 0.123047 0.607031 0.123047 0.725781 0.069141 0.725781
2 0.023047 0.698438 0.091016 0.698438 0.091016 0.843750 0.023047 0.843750
2 0.256250 0.475391 0.304688 0.475391 0.304688 0.580859 0.256250 0.580859
2 0.218750 0.637500 0.256250 0.637500 0.256250 0.717187 0.218750 0.717187
2 0.235937 0.892187 0.295312 0.892187 0.295312 1.000000 0.235937 1.000000
2 0.498047 0.898438 0.533203 0.898438 0.533203 0.989062 0.498047 0.989062
2 0.669141 0.829688 0.699609 0.829688 0.699609 0.939063 0.669141 0.939063
2 0.793359 0.610937 0.814453 0.610937 0.814453 0.718750 0.793359 0.718750
2 0.487500 0.537891 0.526563 0.537891 0.526563 0.604297 0.487500 0.604297
2 0.206641 0.025000 0.249609 0.025000 0.249609 0.139063 0.206641 0.139063
