2 0.279583 0.730687 0.319583 0.647407 0.264583 0.685717 0.135417 0.835833 0.119583 0.838953 0.176250 0.842283 0.279583 0.730687
2 0.479297 0.446484 0.512891 0.446484 0.512891 0.494141 0.479297 0.494141
2 0.391797 0.587891 0.434766 0.587891 0.434766 0.613672 0.391797 0.613672
2 0.448047 0.600391 0.489453 0.600391 0.489453 0.638672 0.448047 0.638672
2 0.348047 0.671094 0.381641 0.671094 0.381641 0.700781 0.348047 0.700781
2 0.462500 0.544531 0.478125 0.544531 0.478125 0.572656 0.462500 0.572656
2 0.489844 0.521484 0.516406 0.521484 0.516406 0.541016 0.489844 0.541016
2 0.548047 0.417578 0.591016 0.417578 0.591016 0.454297 0.548047 0.454297
2 0.614844 0.421484 0.644531 0.421484 0.644531 0.439453 0.614844 0.439453
2 0.635547 0.392188 0.666016 0.392188 0.666016 0.429688 0.635547 0.429688
2 0.639453 0.358984 0.671484 0.358984 0.671484 0.391016 0.639453 0.391016
2 0.666406 0.321484 0.700781 0.321484 0.700781 0.359766 0.666406 0.359766
