2 0.619922 0.075781 0.656641 0.075781 0.656641 0.217969 0.619922 0.217969
2 0.546094 0.179688 0.589844 0.179688 0.589844 0.306250 0.546094 0.306250
2 0.656641 0.196484 0.698047 0.196484 0.698047 0.311328 0.656641 0.311328
2 0.658594 0.375000 0.713281 0.375000 0.713281 0.467187 0.658594 0.467187
2 0.556641 0.421484 0.594922 0.421484 0.594922 0.486328 0.556641 0.486328
2 0.546094 0.591797 0.591406 0.591797 0.591406 0.700391 0.546094 0.700391
2 0.466406 0.692578 0.524219 0.692578 0.524219 0.807422 0.466406 0.807422
2 0.506250 0.804297 0.553125 0.804297 0.553125 0.870703 0.506250 0.870703
2 0.655859 0.665234 0.689453 0.665234 0.689453 0.794141 0.655859 0.794141
2 0.616406 0.829297 0.672656 0.829297 0.672656 0.948828 0.616406 0.948828
