2 0.271250 0.369250 0.306250 0.394233 0.396250 0.422550 0.389583 0.370913 0.331250 0.320947 0.271250 0.369250
2 0.326953 0.746484 0.352734 0.746484 0.352734 0.814453 0.326953 0.814453
2 0.439453 0.698438 0.471484 0.698438 0.471484 0.784375 0.439453 0.784375
2 0.414453 0.477344 0.451172 0.477344 0.451172 0.532031 0.414453 0.532031
2 0.510547 0.475000 0.530078 0.475000 0.530078 0.539062 0.510547 0.539062
2 0.489453 0.697266 0.601172 0.697266 0.601172 0.846484 0.489453 0.846484
2 0.673047 0.755078 0.712891 0.755078 0.712891 0.855859 0.673047 0.855859
2 0.657813 0.583984 0.709375 0.583984 0.709375 0.737891 0.657813 0.737891
2 0.235547 0.608594 0.330078 0.608594 0.330078 0.677344 0.235547 0.677344
2 0.133594 0.585547 0.188281 0.585547 0.188281 0.675391 0.133594 0.675391
2 0.094141 0.379688 0.169922 0.379688 0.169922 0.467188 0.094141 0.467188
2 0.877344 0.187891 0.941406 0.187891 0.941406 0.271484 0.877344 0.271484
2 0.697656 0.182813 0.742969 0.182813 0.742969 0.248438 0.697656 0.248438
