2 0.085156 0.390625 0.171094 0.390625 0.171094 0.462500 0.085156 0.462500
2 0.141797 0.587891 0.189453 0.587891 0.189453 0.663672 0.141797 0.663672
2 0.272656 0.315234 0.417969 0.315234 0.417969 0.412891 0.272656 0.412891
2 0.239844 0.602344 0.313281 0.602344 0.313281 0.678906 0.239844 0.678906
2 0.328906 0.756641 0.372656 0.756641 0.372656 0.830859 0.328906 0.830859
2 0.435156 0.691797 0.469531 0.691797 0.469531 0.770703 0.435156 0.770703
2 0.416797 0.473047 0.464453 0.473047 0.464453 0.544141 0.416797 0.544141
2 0.503906 0.462891 0.544531 0.462891 0.544531 0.562109 0.503906 0.562109
2 0.516797 0.688672 0.606641 0.688672 0.606641 0.837891 0.516797 0.837891
2 0.673438 0.752734 0.728125 0.752734 0.728125 0.870703 0.673438 0.870703
2 0.648047 0.589844 0.714453 0.589844 0.714453 0.733594 0.648047 0.733594
2 0.705859 0.183594 0.741016 0.183594 0.741016 0.249219 0.705859 0.249219
2 0.872656 0.183594 0.942969 0.183594 0.942969 0.277344 0.872656 0.277344
2 0.527344 0.382422 0.636719 0.382422 0.636719 0.469141 0.527344 0.469141
