2 0.426953 0.360938 0.523047 0.360938 0.523047 0.462500 0.426953 0.462500
2 0.283203 0.364844 0.324609 0.364844 0.324609 0.400781 0.283203 0.400781
2 0.387500 0.385938 0.431250 0.385938 0.431250 0.429688 0.387500 0.429688
2 0.360156 0.624219 0.397656 0.624219 0.397656 0.682031 0.360156 0.682031
2 0.266406 0.700781 0.322656 0.700781 0.322656 0.771094 0.266406 0.771094
2 0.139453 0.777344 0.198047 0.777344 0.198047 0.863281 0.139453 0.863281
2 0.202344 0.655859 0.267969 0.655859 0.267969 0.750391 0.202344 0.750391
2 0.451953 0.633594 0.498047 0.633594 0.498047 0.678906 0.451953 0.678906
2 0.478906 0.565234 0.521094 0.565234 0.521094 0.616016 0.478906 0.616016
2 0.543750 0.611328 0.581250 0.611328 0.581250 0.679297 0.543750 0.679297
2 0.414844 0.691016 0.616406 0.691016 0.616406 0.833984 0.414844 0.833984
2 0.573047 0.631641 0.616016 0.631641 0.616016 0.705859 0.573047 0.705859
2 0.649609 0.516797 0.687891 0.516797 0.687891 0.676953 0.649609 0.676953
2 0.881250 0.299293 0.687917 0.362587 0.661250 0.377577 0.712500 0.440000 0.814583 0.397563 0.826250 0.369250 0.906250 0.324277 0.881250 0.299293
2 0.841797 0.425391 0.908203 0.425391 0.908203 0.507422 0.841797 0.507422
2 0.598047 0.416797 0.633203 0.416797 0.633203 0.469141 0.598047 0.469141
2 0.514844 0.441797 0.592969 0.441797 0.592969 0.500391 0.514844 0.500391
2 0.418359 0.492188 0.466016 0.492188 0.466016 0.537500 0.418359 0.537500
2 0.629297 0.250781 0.706641 0.250781 0.706641 0.296094 0.629297 0.296094
2 0.526953 0.256641 0.576172 0.256641 0.576172 0.326172 0.526953 0.326172
2 0.304297 0.439844 0.331641 0.439844 0.331641 0.482031 0.304297 0.482031
2 0.201953 0.446484 0.232422 0.446484 0.232422 0.467578 0.201953 0.467578
2 0.245703 0.465234 0.271484 0.465234 0.271484 0.492578 0.245703 0.492578
2 0.893750 0.150391 0.932813 0.150391 0.932813 0.180859 0.893750 0.180859
2 0.835938 0.191797 0.878125 0.191797 0.878125 0.220703 0.835938 0.220703
2 0.862891 0.229687 0.894922 0.229687 0.894922 0.254688 0.862891 0.254688
2 0.962109 0.448047 0.989453 0.448047 0.989453 0.494141 0.962109 0.494141
2 0.658203 0.204687 0.704297 0.204687 0.704297 0.237500 0.658203 0.237500
2 0.698047 0.218750 0.734766 0.218750 0.734766 0.264062 0.698047 0.264062
2 0.623047 0.223828 0.658203 0.223828 0.658203 0.251172 0.623047 0.251172
2 0.919141 0.104297 0.948047 0.104297 0.948047 0.142578 0.919141 0.142578
2 0.933594 0.148438 0.967969 0.148438 0.967969 0.187500 0.933594 0.187500
