2 0.264583 0.384240 0.199583 0.282637 0.182917 0.342600 0.281250 0.432543 0.264583 0.384240
2 0.206250 0.264313 0.187917 0.191027 0.122917 0.129400 0.206250 0.264313
2 0.497917 0.584113 0.414583 0.546250 0.541250 0.699040 0.641250 0.802310 0.592917 0.702373 0.497917 0.584113
2 0.497917 0.462917 0.581250 0.560797 0.527917 0.449200 0.497917 0.452530 0.497917 0.462917
2 0.379297 0.456641 0.451953 0.456641 0.451953 0.508984 0.379297 0.508984
2 0.408984 0.408594 0.444141 0.408594 0.444141 0.446094 0.408984 0.446094
2 0.452734 0.371094 0.492578 0.371094 0.492578 0.403906 0.452734 0.403906
2 0.414844 0.319141 0.447656 0.319141 0.447656 0.354297 0.414844 0.354297
2 0.346094 0.202344 0.380469 0.202344 0.380469 0.252344 0.346094 0.252344
2 0.260547 0.179688 0.294141 0.179688 0.294141 0.207813 0.260547 0.207813
2 0.285547 0.183984 0.325391 0.183984 0.325391 0.212891 0.285547 0.212891
2 0.244141 0.139844 0.287109 0.139844 0.287109 0.178906 0.244141 0.178906
2 0.152344 0.044141 0.207031 0.044141 0.207031 0.082422 0.152344 0.082422
2 0.606641 0.623047 0.658984 0.623047 0.658984 0.669141 0.606641 0.669141
2 0.741797 0.900391 0.794141 0.900391 0.794141 0.930859 0.741797 0.930859
