2 0.154297 0.358984 0.191016 0.358984 0.191016 0.412891 0.154297 0.412891
2 0.371094 0.396094 0.436719 0.396094 0.436719 0.446094 0.371094 0.446094
2 0.412500 0.269531 0.479687 0.269531 0.479687 0.322656 0.412500 0.322656
2 0.321094 0.193750 0.363281 0.193750 0.363281 0.314063 0.321094 0.314063
2 0.507812 0.337891 0.534375 0.337891 0.534375 0.380859 0.507812 0.380859
2 0.443750 0.404688 0.478125 0.404688 0.478125 0.440625 0.443750 0.440625
2 0.605859 0.398438 0.639453 0.398438 0.639453 0.437500 0.605859 0.437500
2 0.545703 0.542188 0.674609 0.542188 0.674609 0.635938 0.545703 0.635938
2 0.746094 0.554688 0.817969 0.554688 0.817969 0.615625 0.746094 0.615625
2 0.645313 0.483984 0.709375 0.483984 0.709375 0.541016 0.645313 0.541016
