2 0.339453 0.471094 0.498047 0.471094 0.498047 0.502344 0.339453 0.502344
2 0.094141 0.571484 0.219922 0.571484 0.219922 0.637891 0.094141 0.637891
2 0.189844 0.757812 0.266406 0.757812 0.266406 0.818750 0.189844 0.818750
2 0.293750 0.733984 0.404688 0.733984 0.404688 0.792578 0.293750 0.792578
2 0.403906 0.837891 0.422656 0.837891 0.422656 0.912109 0.403906 0.912109
2 0.531250 0.754687 0.557813 0.754687 0.557813 0.835938 0.531250 0.835938
2 0.506250 0.560937 0.532813 0.560937 0.532813 0.610938 0.506250 0.610938
2 0.589844 0.539844 0.617969 0.539844 0.617969 0.602344 0.589844 0.602344
2 0.764453 0.604297 0.805859 0.604297 0.805859 0.726953 0.764453 0.726953
2 0.773047 0.754688 0.809766 0.754688 0.809766 0.814063 0.773047 0.814063
2 0.591797 0.737500 0.687891 0.737500 0.687891 0.848437 0.591797 0.848437
2 0.606250 0.459766 0.729688 0.459766 0.729688 0.527734 0.606250 0.527734
2 0.806641 0.258203 0.844922 0.258203 0.844922 0.296484 0.806641 0.296484
