2 0.299609 0.129297 0.442578 0.129297 0.442578 0.320703 0.299609 0.320703
2 0.431250 0.087500 0.507812 0.087500 0.507812 0.135938 0.431250 0.135938
2 0.381250 0.479687 0.456250 0.479687 0.456250 0.512500 0.381250 0.512500
2 0.250391 0.429297 0.319922 0.429297 0.319922 0.467578 0.250391 0.467578
2 0.617578 0.602734 0.673047 0.602734 0.673047 0.642578 0.617578 0.642578
2 0.668359 0.727734 0.737891 0.727734 0.737891 0.792578 0.668359 0.792578
2 0.698047 0.673438 0.786328 0.673438 0.786328 0.737500 0.698047 0.737500
2 0.777344 0.775000 0.866406 0.775000 0.866406 0.868750 0.777344 0.868750
2 0.364844 0.671484 0.419531 0.671484 0.419531 0.716016 0.364844 0.716016
2 0.347656 0.612500 0.394531 0.612500 0.394531 0.643750 0.347656 0.643750
2 0.368750 0.579297 0.435937 0.579297 0.435937 0.620703 0.368750 0.620703
2 0.431250 0.654687 0.476562 0.654687 0.476562 0.690625 0.431250 0.690625
2 0.460156 0.729297 0.500781 0.729297 0.500781 0.750391 0.460156 0.750391
2 0.435547 0.766797 0.505078 0.766797 0.505078 0.798828 0.435547 0.798828
2 0.493750 0.539844 0.551563 0.539844 0.551563 0.597656 0.493750 0.597656
2 0.466406 0.471094 0.500781 0.471094 0.500781 0.499219 0.466406 0.499219
2 0.431641 0.395703 0.494922 0.395703 0.494922 0.457422 0.431641 0.457422
2 0.260156 0.296094 0.300781 0.296094 0.300781 0.355469 0.260156 0.355469
2 0.208203 0.304688 0.248047 0.304688 0.248047 0.334375 0.208203 0.334375
2 0.208203 0.352734 0.273047 0.352734 0.273047 0.389453 0.208203 0.389453
2 0.237500 0.267187 0.281250 0.267187 0.281250 0.309375 0.237500 0.309375
2 0.191797 0.131641 0.230078 0.131641 0.230078 0.174609 0.191797 0.174609
2 0.218750 0.102734 0.257812 0.102734 0.257812 0.137891 0.218750 0.137891
2 0.147656 0.071484 0.196094 0.071484 0.196094 0.111328 0.147656 0.111328
2 0.089063 0.054688 0.134375 0.054688 0.134375 0.087500 0.089063 0.087500
2 0.143359 0.027734 0.192578 0.027734 0.192578 0.059766 0.143359 0.059766
2 0.447656 0.021094 0.496094 0.021094 0.496094 0.046094 0.447656 0.046094
2 0.631250 0.307620 0.546250 0.149387 0.514583 0.162917 0.574583 0.314283 0.591250 0.364253 0.686250 0.357590 0.631250 0.307620
2 0.635547 0.506250 0.686328 0.506250 0.686328 0.540625 0.635547 0.540625
2 0.556641 0.479688 0.599609 0.479688 0.599609 0.507812 0.556641 0.507812
2 0.623047 0.421094 0.680078 0.421094 0.680078 0.457031 0.623047 0.457031
2 0.644141 0.383984 0.698047 0.383984 0.698047 0.416016 0.644141 0.416016
2 0.692187 0.390234 0.778125 0.390234 0.778125 0.542578 0.692187 0.542578
