2 0.606250 0.312891 0.634375 0.312891 0.634375 0.385547 0.606250 0.385547
2 0.543750 0.404688 0.579688 0.404688 0.579688 0.481250 0.543750 0.481250
2 0.664453 0.479687 0.726172 0.479687 0.726172 0.559375 0.664453 0.559375
2 0.565625 0.560937 0.609375 0.560937 0.609375 0.662500 0.565625 0.662500
2 0.249609 0.767187 0.289453 0.767187 0.289453 0.843750 0.249609 0.843750
2 0.305859 0.687109 0.342578 0.687109 0.342578 0.737891 0.305859 0.737891
2 0.397656 0.682813 0.417969 0.682813 0.417969 0.729688 0.397656 0.729688
2 0.418750 0.589453 0.454687 0.589453 0.454687 0.648047 0.418750 0.648047
2 0.456250 0.554297 0.479687 0.554297 0.479687 0.600391 0.456250 0.600391
2 0.489453 0.581641 0.524609 0.581641 0.524609 0.635547 0.489453 0.635547
2 0.514844 0.550391 0.544531 0.550391 0.544531 0.612109 0.514844 0.612109
2 0.811250 0.409223 0.889583 0.367583 0.926250 0.297627 0.959583 0.227670 0.924583 0.197690 0.891667 0.267083 0.874583 0.334270 0.799583 0.365917 0.774583 0.384240 0.811250 0.409223
