2 0.170703 0.344531 0.230859 0.344531 0.230859 0.419531 0.170703 0.419531
2 0.312891 0.404297 0.348047 0.404297 0.348047 0.447266 0.312891 0.447266
2 0.396094 0.344141 0.442969 0.344141 0.442969 0.405859 0.396094 0.405859
2 0.323047 0.554297 0.387891 0.554297 0.387891 0.645703 0.323047 0.645703
2 0.206250 0.687891 0.256250 0.687891 0.256250 0.757422 0.206250 0.757422
2 0.597656 0.375781 0.625781 0.375781 0.625781 0.419531 0.597656 0.419531
2 0.602344 0.437891 0.636719 0.437891 0.636719 0.483984 0.602344 0.483984
2 0.606250 0.491797 0.660937 0.491797 0.660937 0.572266 0.606250 0.572266
2 0.831250 0.098438 0.885938 0.098438 0.885938 0.179688 0.831250 0.179688
2 0.524583 0.557463 0.517917 0.505830 0.487917 0.515823 0.436250 0.584113 0.434583 0.639080 0.509583 0.602437 0.524583 0.557463
