2 0.528906 0.546484 0.575781 0.546484 0.575781 0.595703 0.528906 0.595703
2 0.566797 0.548438 0.614453 0.548438 0.614453 0.592187 0.566797 0.592187
2 0.606250 0.579687 0.659375 0.579687 0.659375 0.609375 0.606250 0.609375
2 0.179297 0.818750 0.239453 0.818750 0.239453 0.917187 0.179297 0.917187
2 0.664453 0.415625 0.755859 0.415625 0.755859 0.479687 0.664453 0.479687
2 0.726953 0.332031 0.782422 0.332031 0.782422 0.396094 0.726953 0.396094
2 0.825391 0.254687 0.871484 0.254687 0.871484 0.281250 0.825391 0.281250
2 0.595703 0.229687 0.676172 0.229687 0.676172 0.317188 0.595703 0.317188
2 0.772656 0.110937 0.847656 0.110937 0.847656 0.162500 0.772656 0.162500
2 0.562891 0.387891 0.623047 0.387891 0.623047 0.421484 0.562891 0.421484
