2 0.614844 0.494531 0.642969 0.494531 0.642969 0.563281 0.614844 0.563281
2 0.604297 0.434375 0.637891 0.434375 0.637891 0.485937 0.604297 0.485937
2 0.597656 0.372266 0.624219 0.372266 0.624219 0.429297 0.597656 0.429297
2 0.416797 0.344141 0.436328 0.344141 0.436328 0.396484 0.416797 0.396484
2 0.166797 0.346094 0.230078 0.346094 0.230078 0.413281 0.166797 0.413281
2 0.333203 0.548828 0.382422 0.548828 0.382422 0.616797 0.333203 0.616797
2 0.212500 0.679297 0.231250 0.679297 0.231250 0.750391 0.212500 0.750391
2 0.421094 0.517578 0.514844 0.517578 0.514844 0.616797 0.421094 0.616797
2 0.831641 0.104297 0.869922 0.104297 0.869922 0.170703 0.831641 0.170703
2 0.641797 0.087891 0.680078 0.087891 0.680078 0.129297 0.641797 0.129297
