2 0.245703 0.413281 0.349609 0.413281 0.349609 0.497656 0.245703 0.497656
2 0.212500 0.337891 0.282813 0.337891 0.282813 0.383984 0.212500 0.383984
2 0.323047 0.232031 0.383203 0.232031 0.383203 0.297656 0.323047 0.297656
2 0.148047 0.212891 0.206641 0.212891 0.206641 0.277734 0.148047 0.277734
2 0.105859 0.152344 0.142578 0.152344 0.142578 0.197656 0.105859 0.197656
2 0.147656 0.096484 0.217969 0.096484 0.217969 0.167578 0.147656 0.167578
2 0.381250 0.379297 0.434375 0.379297 0.434375 0.420703 0.381250 0.420703
2 0.329297 0.588281 0.384766 0.588281 0.384766 0.621094 0.329297 0.621094
2 0.373047 0.546484 0.487891 0.546484 0.487891 0.612891 0.373047 0.612891
2 0.766797 0.837891 0.831641 0.837891 0.831641 0.908984 0.766797 0.908984
2 0.851953 0.839844 0.882422 0.839844 0.882422 0.875781 0.851953 0.875781
2 0.766797 0.792578 0.809766 0.792578 0.809766 0.832422 0.766797 0.832422
