2 0.192157 0.508623 0.157647 0.558787 0.194117 0.574903 0.262747 0.541543 0.286273 0.481973 0.247060 0.452187 0.192157 0.508623
2 0.164453 0.651563 0.226172 0.651563 0.226172 0.676562 0.164453 0.676562
2 0.055078 0.826172 0.119922 0.826172 0.119922 0.847266 0.055078 0.847266
2 0.352734 0.692578 0.378516 0.692578 0.378516 0.723047 0.352734 0.723047
2 0.396094 0.567187 0.432031 0.567187 0.432031 0.589063 0.396094 0.589063
2 0.257031 0.292188 0.319531 0.292188 0.319531 0.335938 0.257031 0.335938
2 0.339453 0.282422 0.440234 0.282422 0.440234 0.362891 0.339453 0.362891
2 0.464844 0.417187 0.527344 0.417187 0.527344 0.557813 0.464844 0.557813
2 0.780469 0.001953 0.871094 0.001953 0.871094 0.051172 0.780469 0.051172
2 0.388281 0.743750 0.452344 0.743750 0.452344 0.914062 0.388281 0.914062
2 0.137500 0.844531 0.204687 0.844531 0.204687 0.978906 0.137500 0.978906
2 0.691797 0.241797 0.764453 0.241797 0.764453 0.289453 0.691797 0.289453
