2 0.682917 0.792317 0.674583 0.730687 0.643750 0.681667 0.637917 0.773993 0.651250 0.820630 0.682917 0.792317
2 0.512109 0.671094 0.592578 0.671094 0.592578 0.733594 0.512109 0.733594
2 0.550391 0.533594 0.619922 0.533594 0.619922 0.602344 0.550391 0.602344
2 0.808203 0.585938 0.849609 0.585938 0.849609 0.640625 0.808203 0.640625
2 0.364844 0.390234 0.441406 0.390234 0.441406 0.461328 0.364844 0.461328
2 0.198047 0.379297 0.239453 0.379297 0.239453 0.442578 0.198047 0.442578
2 0.296094 0.458984 0.367969 0.458984 0.367969 0.516016 0.296094 0.516016
2 0.356641 0.565234 0.398047 0.565234 0.398047 0.616016 0.356641 0.616016
2 0.466797 0.629297 0.508203 0.629297 0.508203 0.669141 0.466797 0.669141
2 0.514844 0.548438 0.541406 0.548438 0.541406 0.592187 0.514844 0.592187
2 0.458203 0.517188 0.477734 0.517188 0.477734 0.567188 0.458203 0.567188
