2 0.266406 0.258984 0.347656 0.258984 0.347656 0.312891 0.266406 0.312891
2 0.308203 0.322266 0.373047 0.322266 0.373047 0.441797 0.308203 0.441797
2 0.448047 0.182812 0.587891 0.182812 0.587891 0.304688 0.448047 0.304688
2 0.644141 0.154297 0.696484 0.154297 0.696484 0.242578 0.644141 0.242578
2 0.812109 0.044141 0.837891 0.044141 0.837891 0.105859 0.812109 0.105859
2 0.845703 0.116016 0.977734 0.116016 0.977734 0.202734 0.845703 0.202734
2 0.750000 0.372656 0.926562 0.372656 0.926562 0.475781 0.750000 0.475781
2 0.556641 0.379297 0.598047 0.379297 0.598047 0.445703 0.556641 0.445703
2 0.683203 0.335547 0.732422 0.335547 0.732422 0.419141 0.683203 0.419141
2 0.406250 0.450391 0.578125 0.450391 0.578125 0.566797 0.406250 0.566797
