2 0.314453 0.141016 0.402734 0.141016 0.402734 0.266797 0.314453 0.266797
2 0.435547 0.164844 0.489453 0.164844 0.489453 0.249219 0.435547 0.249219
2 0.192187 0.188281 0.228125 0.188281 0.228125 0.242969 0.192187 0.242969
2 0.178906 0.248047 0.246094 0.248047 0.246094 0.400391 0.178906 0.400391
2 0.375000 0.402734 0.406250 0.402734 0.406250 0.464453 0.375000 0.464453
2 0.272656 0.454688 0.392969 0.454688 0.392969 0.537500 0.272656 0.537500
2 0.520703 0.491797 0.646484 0.491797 0.646484 0.550391 0.520703 0.550391
2 0.589844 0.216016 0.689844 0.216016 0.689844 0.266797 0.589844 0.266797
2 0.752344 0.187500 0.817969 0.187500 0.817969 0.225000 0.752344 0.225000
2 0.562891 0.096094 0.596484 0.096094 0.596484 0.146094 0.562891 0.146094
2 0.799609 0.334375 0.892578 0.334375 0.892578 0.442188 0.799609 0.442188
2 0.464453 0.381250 0.499609 0.381250 0.499609 0.442188 0.464453 0.442188
2 0.158594 0.678906 0.213281 0.678906 0.213281 0.746094 0.158594 0.746094
