2 0.575000 0.575781 0.660937 0.575781 0.660937 0.619531 0.575000 0.619531
2 0.455859 0.669531 0.541016 0.669531 0.541016 0.727344 0.455859 0.727344
2 0.298047 0.587891 0.359766 0.587891 0.359766 0.635547 0.298047 0.635547
2 0.403906 0.533984 0.499219 0.533984 0.499219 0.591016 0.403906 0.591016
2 0.564844 0.407812 0.642969 0.407812 0.642969 0.479687 0.564844 0.479687
2 0.679297 0.389844 0.734766 0.389844 0.734766 0.425781 0.679297 0.425781
2 0.704297 0.297656 0.758203 0.297656 0.758203 0.344531 0.704297 0.344531
2 0.772656 0.244531 0.849219 0.244531 0.849219 0.296094 0.772656 0.296094
2 0.675000 0.247656 0.759375 0.247656 0.759375 0.288281 0.675000 0.288281
2 0.277917 0.938890 0.376250 0.865603 0.412917 0.792317 0.374583 0.772330 0.332917 0.848947 0.279583 0.898917 0.177917 0.898917 0.234583 0.973870 0.277917 0.938890
