1 0.452734 0.325781 0.508203 0.325781 0.508203 0.421094 0.452734 0.421094
1 0.493359 0.187891 0.539453 0.187891 0.539453 0.255859 0.493359 0.255859
1 0.543359 0.577734 0.567578 0.577734 0.567578 0.637891 0.543359 0.637891
1 0.368750 0.502344 0.404687 0.502344 0.404687 0.572656 0.368750 0.572656
1 0.310156 0.479687 0.344531 0.479687 0.344531 0.512500 0.310156 0.512500
1 0.307812 0.533594 0.334375 0.533594 0.334375 0.574219 0.307812 0.574219
1 0.318750 0.656250 0.353125 0.656250 0.353125 0.693750 0.318750 0.693750
1 0.356641 0.700391 0.379297 0.700391 0.379297 0.741797 0.356641 0.741797
1 0.458203 0.746484 0.505859 0.746484 0.505859 0.867578 0.458203 0.867578
1 0.489453 0.842187 0.549609 0.842187 0.549609 0.942188 0.489453 0.942188
1 0.357812 0.821484 0.384375 0.821484 0.384375 0.870703 0.357812 0.870703
1 0.372656 0.894141 0.417969 0.894141 0.417969 0.966797 0.372656 0.966797
1 0.351953 0.608984 0.401172 0.608984 0.401172 0.664453 0.351953 0.664453
1 0.281250 0.679688 0.329688 0.679688 0.329688 0.734375 0.281250 0.734375
1 0.358594 0.292188 0.389844 0.292188 0.389844 0.335938 0.358594 0.335938
1 0.270703 0.329687 0.298047 0.329687 0.298047 0.362500 0.270703 0.362500
1 0.369141 0.175781 0.396484 0.175781 0.396484 0.221094 0.369141 0.221094
1 0.293359 0.113281 0.341016 0.113281 0.341016 0.171094 0.293359 0.171094
1 0.320312 0.040234 0.359375 0.040234 0.359375 0.089453 0.320312 0.089453
1 0.504297 0.137891 0.556641 0.137891 0.556641 0.180859 0.504297 0.180859
1 0.514062 0.421094 0.559375 0.421094 0.559375 0.499219 0.514062 0.499219
1 0.450391 0.468750 0.494922 0.468750 0.494922 0.515625 0.450391 0.515625
1 0.460156 0.529687 0.496094 0.529687 0.496094 0.567188 0.460156 0.567188
1 0.494141 0.515234 0.523047 0.515234 0.523047 0.542578 0.494141 0.542578
1 0.464844 0.652344 0.494531 0.652344 0.494531 0.683594 0.464844 0.683594
1 0.404297 0.644141 0.441016 0.644141 0.441016 0.677734 0.404297 0.677734
1 0.448047 0.194531 0.481641 0.194531 0.481641 0.242969 0.448047 0.242969
1 0.366406 0.227734 0.396094 0.227734 0.396094 0.267578 0.366406 0.267578
1 0.512109 0.304297 0.537891 0.304297 0.537891 0.345703 0.512109 0.345703
