1 0.537891 0.465234 0.623047 0.465234 0.623047 0.542578 0.537891 0.542578
1 0.385547 0.514844 0.516016 0.514844 0.516016 0.600781 0.385547 0.600781
1 0.353906 0.775781 0.467969 0.775781 0.467969 0.849219 0.353906 0.849219
1 0.679297 0.563281 0.789453 0.563281 0.789453 0.650781 0.679297 0.650781
1 0.631250 0.189844 0.710938 0.189844 0.710938 0.275781 0.631250 0.275781
1 0.905859 0.377734 0.989453 0.377734 0.989453 0.467578 0.905859 0.467578
1 0.398047 0.389844 0.489453 0.389844 0.489453 0.455469 0.398047 0.455469
1 0.282813 0.000000 0.415625 0.000000 0.415625 0.085938 0.282813 0.085938
1 0.828906 0.704688 0.900781 0.704688 0.900781 0.767188 0.828906 0.767188
1 0.828906 0.802734 0.925781 0.802734 0.925781 0.898828 0.828906 0.898828
