1 0.322656 0.339844 0.421094 0.339844 0.421094 0.422656 0.322656 0.422656
1 0.089844 0.012891 0.241406 0.012891 0.241406 0.149609 0.089844 0.149609
1 0.622656 0.179688 0.749219 0.179688 0.749219 0.282813 0.622656 0.282813
1 0.812109 0.121484 0.916016 0.121484 0.916016 0.212891 0.812109 0.212891
1 0.703906 0.081641 0.796094 0.081641 0.796094 0.148047 0.703906 0.148047
1 0.830859 0.237891 0.916016 0.237891 0.916016 0.301172 0.830859 0.301172
1 0.760156 0.564844 0.894531 0.564844 0.894531 0.653906 0.760156 0.653906
1 0.936328 0.356641 0.999609 0.356641 0.999609 0.440234 0.936328 0.440234
1 0.435547 0.498828 0.508203 0.498828 0.508203 0.529297 0.435547 0.529297
1 0.203906 0.623047 0.324219 0.623047 0.324219 0.695703 0.203906 0.695703
1 0.685156 0.786328 0.771094 0.786328 0.771094 0.830859 0.685156 0.830859
1 0.435156 0.773438 0.599219 0.773438 0.599219 0.843750 0.435156 0.843750
