1 0.368750 0.340234 0.407813 0.340234 0.407813 0.391016 0.368750 0.391016
1 0.454297 0.327344 0.514453 0.327344 0.514453 0.396094 0.454297 0.396094
1 0.735156 0.329688 0.774219 0.329688 0.774219 0.381250 0.735156 0.381250
1 0.850000 0.296484 0.878125 0.296484 0.878125 0.344141 0.850000 0.344141
1 0.173047 0.292578 0.234766 0.292578 0.234766 0.351172 0.173047 0.351172
1 0.223047 0.398047 0.259766 0.398047 0.259766 0.445703 0.223047 0.445703
1 0.039844 0.477734 0.063281 0.477734 0.063281 0.511328 0.039844 0.511328
1 0.608203 0.473047 0.632422 0.473047 0.632422 0.520703 0.608203 0.520703
1 0.524609 0.404688 0.592578 0.404688 0.592578 0.464062 0.524609 0.464062
1 0.689844 0.583984 0.736719 0.583984 0.736719 0.637891 0.689844 0.637891
