1 0.533203 0.342187 0.580859 0.342187 0.580859 0.429688 0.533203 0.429688
1 0.362109 0.433594 0.414453 0.433594 0.414453 0.502344 0.362109 0.502344
1 0.296094 0.421094 0.341406 0.421094 0.341406 0.457031 0.296094 0.457031
1 0.314453 0.473047 0.354297 0.473047 0.354297 0.520703 0.314453 0.520703
1 0.447656 0.564844 0.496094 0.564844 0.496094 0.653906 0.447656 0.653906
1 0.483594 0.742578 0.541406 0.742578 0.541406 0.807422 0.483594 0.807422
1 0.458594 0.127344 0.513281 0.127344 0.513281 0.246094 0.458594 0.246094
1 0.497656 0.075391 0.542969 0.075391 0.542969 0.130859 0.497656 0.130859
1 0.377344 0.050781 0.414844 0.050781 0.414844 0.117969 0.377344 0.117969
1 0.356641 0.121094 0.394922 0.121094 0.394922 0.171094 0.356641 0.171094
1 0.283203 0.265234 0.332422 0.265234 0.332422 0.317578 0.283203 0.317578
1 0.348047 0.263281 0.387891 0.263281 0.387891 0.297656 0.348047 0.297656
1 0.323047 0.291797 0.358203 0.291797 0.358203 0.345703 0.323047 0.345703
1 0.354297 0.329297 0.409766 0.329297 0.409766 0.392578 0.354297 0.392578
1 0.352344 0.663281 0.392969 0.663281 0.392969 0.722656 0.352344 0.722656
1 0.510547 0.652734 0.536328 0.652734 0.536328 0.697266 0.510547 0.697266
1 0.450000 0.387891 0.535937 0.387891 0.535937 0.526172 0.450000 0.526172
1 0.264844 0.608984 0.314844 0.608984 0.314844 0.695703 0.264844 0.695703
1 0.295703 0.835547 0.329297 0.835547 0.329297 0.878516 0.295703 0.878516
1 0.354297 0.782031 0.408203 0.782031 0.408203 0.825781 0.354297 0.825781
1 0.315625 0.912891 0.357813 0.912891 0.357813 0.955859 0.315625 0.955859
