1 0.239844 0.146094 0.313281 0.146094 0.313281 0.246094 0.239844 0.246094
1 0.258203 0.329688 0.321484 0.329688 0.321484 0.389062 0.258203 0.389062
1 0.248437 0.466797 0.328125 0.466797 0.328125 0.548828 0.248437 0.548828
1 0.044141 0.437500 0.099609 0.437500 0.099609 0.542188 0.044141 0.542188
1 0.086719 0.883203 0.141406 0.883203 0.141406 0.983984 0.086719 0.983984
1 0.214844 0.835938 0.269531 0.835938 0.269531 0.912500 0.214844 0.912500
1 0.348047 0.885547 0.409766 0.885547 0.409766 0.973828 0.348047 0.973828
1 0.271875 0.957812 0.339062 0.957812 0.339062 1.000000 0.271875 1.000000
1 0.339453 0.581641 0.402734 0.581641 0.402734 0.637109 0.339453 0.637109
1 0.427344 0.521094 0.466406 0.521094 0.466406 0.574219 0.427344 0.574219
1 0.398047 0.229687 0.455078 0.229687 0.455078 0.306250 0.398047 0.306250
1 0.410156 0.140234 0.471094 0.140234 0.471094 0.216016 0.410156 0.216016
1 0.612500 0.104687 0.678125 0.104687 0.678125 0.187500 0.612500 0.187500
1 0.631250 0.260937 0.657813 0.260937 0.657813 0.310938 0.631250 0.310938
1 0.495703 0.456250 0.571484 0.456250 0.571484 0.567187 0.495703 0.567187
1 0.800391 0.381250 0.869922 0.381250 0.869922 0.492188 0.800391 0.492188
1 0.631641 0.631641 0.694922 0.631641 0.694922 0.738672 0.631641 0.738672
1 0.912500 0.662891 0.978125 0.662891 0.978125 0.783984 0.912500 0.783984
1 0.721094 0.864844 0.794531 0.864844 0.794531 0.953906 0.721094 0.953906
1 0.478906 0.929688 0.542969 0.929688 0.542969 1.000000 0.478906 1.000000
