1 0.412500 0.425391 0.507812 0.425391 0.507812 0.483984 0.412500 0.483984
1 0.401953 0.296094 0.521484 0.296094 0.521484 0.347656 0.401953 0.347656
1 0.464062 0.356641 0.559375 0.356641 0.559375 0.401172 0.464062 0.401172
1 0.210938 0.596484 0.303125 0.596484 0.303125 0.639453 0.210938 0.639453
1 0.320703 0.604297 0.398047 0.604297 0.398047 0.650391 0.320703 0.650391
1 0.256250 0.673438 0.335938 0.673438 0.335938 0.714062 0.256250 0.714062
1 0.110156 0.838281 0.225781 0.838281 0.225781 0.903906 0.110156 0.903906
1 0.164844 0.787891 0.236719 0.787891 0.236719 0.833984 0.164844 0.833984
1 0.460156 0.696484 0.525781 0.696484 0.525781 0.739453 0.460156 0.739453
1 0.468750 0.783594 0.559375 0.783594 0.559375 0.832031 0.468750 0.832031
1 0.371094 0.823047 0.463281 0.823047 0.463281 0.878516 0.371094 0.878516
1 0.310156 0.891797 0.394531 0.891797 0.394531 0.928516 0.310156 0.928516
1 0.523438 0.920312 0.603125 0.920312 0.603125 0.979687 0.523438 0.979687
1 0.580859 0.854297 0.637891 0.854297 0.637891 0.900391 0.580859 0.900391
1 0.383594 0.571484 0.439844 0.571484 0.439844 0.616016 0.383594 0.616016
1 0.510547 0.571484 0.558203 0.571484 0.558203 0.616016 0.510547 0.616016
1 0.614844 0.496484 0.694531 0.496484 0.694531 0.544141 0.614844 0.544141
1 0.644141 0.408984 0.721484 0.408984 0.721484 0.481641 0.644141 0.481641
1 0.773047 0.319531 0.861328 0.319531 0.861328 0.372656 0.773047 0.372656
1 0.604297 0.233594 0.655078 0.233594 0.655078 0.271094 0.604297 0.271094
1 0.747656 0.207031 0.797656 0.207031 0.797656 0.242969 0.747656 0.242969
1 0.841797 0.113281 0.909766 0.113281 0.909766 0.167969 0.841797 0.167969
1 0.912500 0.139453 0.954688 0.139453 0.954688 0.180859 0.912500 0.180859
1 0.523047 0.081641 0.612891 0.081641 0.612891 0.127734 0.523047 0.127734
