1 0.412109 0.413281 0.541016 0.413281 0.541016 0.496094 0.412109 0.496094
1 0.524609 0.121094 0.639453 0.121094 0.639453 0.225781 0.524609 0.225781
1 0.812500 0.313281 0.904688 0.313281 0.904688 0.396094 0.812500 0.396094
1 0.762500 0.687891 0.854688 0.687891 0.854688 0.760547 0.762500 0.760547
1 0.351953 0.587891 0.432422 0.587891 0.432422 0.660547 0.351953 0.660547
1 0.014844 0.585547 0.138281 0.585547 0.138281 0.648828 0.014844 0.648828
1 0.264453 0.298437 0.377734 0.298437 0.377734 0.362500 0.264453 0.362500
1 0.060156 0.204687 0.144531 0.204687 0.144531 0.285938 0.060156 0.285938
1 0.214453 0.013281 0.324609 0.013281 0.324609 0.091406 0.214453 0.091406
1 0.074609 0.710938 0.167578 0.710938 0.167578 0.787500 0.074609 0.787500
1 0.447656 0.900000 0.571094 0.900000 0.571094 0.970313 0.447656 0.970313
1 0.460547 0.664844 0.530078 0.664844 0.530078 0.750781 0.460547 0.750781
1 0.606250 0.679688 0.659375 0.679688 0.659375 0.742188 0.606250 0.742188
1 0.687109 0.538281 0.739453 0.538281 0.739453 0.597656 0.687109 0.597656
1 0.773047 0.533984 0.841016 0.533984 0.841016 0.586328 0.773047 0.586328
1 0.000391 0.437500 0.069922 0.437500 0.069922 0.517188 0.000391 0.517188
