1 0.523047 0.104297 0.605078 0.104297 0.605078 0.191016 0.523047 0.191016
1 0.831641 0.327344 0.919922 0.327344 0.919922 0.400781 0.831641 0.400781
1 0.239453 0.279297 0.374609 0.279297 0.374609 0.367578 0.239453 0.367578
1 0.033594 0.189844 0.136719 0.189844 0.136719 0.280469 0.033594 0.280469
1 0.210156 0.012500 0.346094 0.012500 0.346094 0.112500 0.210156 0.112500
1 0.423047 0.423438 0.558203 0.423438 0.558203 0.514062 0.423047 0.514062
1 0.000000 0.462891 0.087500 0.462891 0.087500 0.508984 0.000000 0.508984
1 0.012891 0.577344 0.123047 0.577344 0.123047 0.657031 0.012891 0.657031
1 0.339453 0.577344 0.426172 0.577344 0.426172 0.650781 0.339453 0.650781
1 0.754297 0.685938 0.862891 0.685938 0.862891 0.789062 0.754297 0.789062
1 0.662109 0.537891 0.762891 0.537891 0.762891 0.604297 0.662109 0.604297
1 0.448047 0.683984 0.533203 0.683984 0.533203 0.737891 0.448047 0.737891
1 0.593359 0.679688 0.666016 0.679688 0.666016 0.737500 0.593359 0.737500
1 0.091797 0.729297 0.164453 0.729297 0.164453 0.773828 0.091797 0.773828
1 0.464844 0.906641 0.544531 0.906641 0.544531 0.963672 0.464844 0.963672
1 0.414844 0.523047 0.488281 0.523047 0.488281 0.572266 0.414844 0.572266
1 0.783203 0.529297 0.849609 0.529297 0.849609 0.597266 0.783203 0.597266
