1 0.348047 0.456641 0.412891 0.456641 0.412891 0.501172 0.348047 0.501172
1 0.491797 0.358984 0.559766 0.358984 0.559766 0.414453 0.491797 0.414453
1 0.456250 0.283594 0.581250 0.283594 0.581250 0.352344 0.456250 0.352344
1 0.737109 0.465234 0.864453 0.465234 0.864453 0.517578 0.737109 0.517578
1 0.856641 0.514844 0.924609 0.514844 0.924609 0.550781 0.856641 0.550781
1 0.820703 0.329297 0.876172 0.329297 0.876172 0.394141 0.820703 0.394141
1 0.896094 0.375781 0.967969 0.375781 0.967969 0.424219 0.896094 0.424219
1 0.581641 0.540234 0.648047 0.540234 0.648047 0.569141 0.581641 0.569141
1 0.166406 0.475391 0.272656 0.475391 0.272656 0.530859 0.166406 0.530859
1 0.183594 0.346094 0.238281 0.346094 0.238281 0.403906 0.183594 0.403906
1 0.114062 0.302734 0.159375 0.302734 0.159375 0.341016 0.114062 0.341016
1 0.035156 0.321094 0.100781 0.321094 0.100781 0.372656 0.035156 0.372656
1 0.326953 0.279297 0.371484 0.279297 0.371484 0.320703 0.326953 0.320703
1 0.268750 0.354297 0.329687 0.354297 0.329687 0.397266 0.268750 0.397266
1 0.456250 0.443750 0.676562 0.443750 0.676562 0.514062 0.456250 0.514062
1 0.606250 0.362891 0.657813 0.362891 0.657813 0.402734 0.606250 0.402734
1 0.656250 0.329688 0.707812 0.329688 0.707812 0.359375 0.656250 0.359375
1 0.679297 0.296484 0.731641 0.296484 0.731641 0.339453 0.679297 0.339453
