1 0.533594 0.421094 0.586719 0.421094 0.586719 0.475781 0.533594 0.475781
1 0.573047 0.343750 0.664453 0.343750 0.664453 0.414062 0.573047 0.414062
1 0.418359 0.417188 0.512891 0.417188 0.512891 0.539062 0.418359 0.539062
1 0.277344 0.237891 0.364844 0.237891 0.364844 0.357422 0.277344 0.357422
1 0.196094 0.043750 0.294531 0.043750 0.294531 0.137500 0.196094 0.137500
1 0.018750 0.219531 0.079687 0.219531 0.079687 0.322656 0.018750 0.322656
1 0.131641 0.508984 0.196484 0.508984 0.196484 0.612891 0.131641 0.612891
1 0.321094 0.785937 0.411719 0.785937 0.411719 0.917188 0.321094 0.917188
1 0.699609 0.746484 0.762891 0.746484 0.762891 0.864453 0.699609 0.864453
1 0.526953 0.679688 0.602734 0.679688 0.602734 0.760938 0.526953 0.760938
1 0.541406 0.771484 0.575781 0.771484 0.575781 0.845703 0.541406 0.845703
1 0.593750 0.023438 0.651563 0.023438 0.651563 0.107813 0.593750 0.107813
1 0.714063 0.096484 0.781250 0.096484 0.781250 0.159766 0.714063 0.159766
1 0.897656 0.435937 0.967969 0.435937 0.967969 0.562500 0.897656 0.562500
1 0.673047 0.437891 0.758203 0.437891 0.758203 0.529297 0.673047 0.529297
1 0.687500 0.594141 0.760938 0.594141 0.760938 0.707422 0.687500 0.707422
1 0.847656 0.013281 0.919531 0.013281 0.919531 0.119531 0.847656 0.119531
1 0.446875 0.000000 0.525000 0.000000 0.525000 0.068750 0.446875 0.068750
1 0.662891 0.000000 0.723047 0.000000 0.723047 0.056250 0.662891 0.056250
1 0.324609 0.665234 0.391016 0.665234 0.391016 0.741016 0.324609 0.741016
