1 0.408203 0.394141 0.502734 0.394141 0.502734 0.457422 0.408203 0.457422
1 0.399609 0.519531 0.516016 0.519531 0.516016 0.597656 0.399609 0.597656
1 0.539844 0.485938 0.619531 0.485938 0.619531 0.540625 0.539844 0.540625
1 0.689453 0.579688 0.776172 0.579688 0.776172 0.639062 0.689453 0.639062
1 0.337891 0.773438 0.469922 0.773438 0.469922 0.834375 0.337891 0.834375
1 0.801953 0.712891 0.901172 0.712891 0.901172 0.763672 0.801953 0.763672
1 0.823047 0.804688 0.939453 0.804688 0.939453 0.890625 0.823047 0.890625
1 0.953125 0.850000 1.000000 0.850000 1.000000 0.929688 0.953125 0.929688
1 0.886328 0.376563 0.999609 0.376563 0.999609 0.453125 0.886328 0.453125
1 0.639453 0.212891 0.726172 0.212891 0.726172 0.274609 0.639453 0.274609
1 0.312500 0.013281 0.457812 0.013281 0.457812 0.092969 0.312500 0.092969
