1 0.589453 0.577734 0.651172 0.577734 0.651172 0.664453 0.589453 0.664453
1 0.820312 0.733203 1.000000 0.733203 1.000000 0.923047 0.820312 0.923047
1 0.731250 0.255078 0.807813 0.255078 0.807813 0.352734 0.731250 0.352734
1 0.800000 0.096484 0.860938 0.096484 0.860938 0.162891 0.800000 0.162891
1 0.843750 0.198437 0.903125 0.198437 0.903125 0.278125 0.843750 0.278125
1 0.700391 0.081250 0.769922 0.081250 0.769922 0.164062 0.700391 0.164062
1 0.575391 0.000000 0.646484 0.000000 0.646484 0.059375 0.575391 0.059375
1 0.381250 0.154687 0.459375 0.154687 0.459375 0.278125 0.381250 0.278125
1 0.158203 0.237891 0.232422 0.237891 0.232422 0.327734 0.158203 0.327734
1 0.150000 0.405078 0.231250 0.405078 0.231250 0.527734 0.150000 0.527734
