1 0.160547 0.258984 0.406641 0.258984 0.406641 0.394141 0.160547 0.394141
1 0.260547 0.429688 0.489453 0.429688 0.489453 0.565625 0.260547 0.565625
1 0.550000 0.456641 0.710938 0.456641 0.710938 0.587109 0.550000 0.587109
1 0.353906 0.700391 0.521094 0.700391 0.521094 0.807422 0.353906 0.807422
1 0.573047 0.671094 0.689453 0.671094 0.689453 0.749219 0.573047 0.749219
1 0.293359 0.000000 0.426953 0.000000 0.426953 0.079687 0.293359 0.079687
1 0.023047 0.196484 0.136328 0.196484 0.136328 0.262891 0.023047 0.262891
1 0.164844 0.566797 0.267969 0.566797 0.267969 0.647266 0.164844 0.647266
1 0.906641 0.321094 0.996484 0.321094 0.996484 0.430469 0.906641 0.430469
1 0.747656 0.838281 0.825781 0.838281 0.825781 0.925781 0.747656 0.925781
1 0.901953 0.779687 0.999609 0.779687 0.999609 0.868750 0.901953 0.868750
1 0.837891 0.954687 0.946484 0.954687 0.946484 1.000000 0.837891 1.000000
