1 0.362500 0.329297 0.410938 0.329297 0.410938 0.397266 0.362500 0.397266
1 0.460156 0.321484 0.497656 0.321484 0.497656 0.387891 0.460156 0.387891
1 0.193750 0.296484 0.234375 0.296484 0.234375 0.364453 0.193750 0.364453
1 0.226953 0.396484 0.251172 0.396484 0.251172 0.444141 0.226953 0.444141
1 0.733203 0.308984 0.779297 0.308984 0.779297 0.394141 0.733203 0.394141
1 0.527344 0.396484 0.591406 0.396484 0.591406 0.464453 0.527344 0.464453
1 0.023047 0.468750 0.087891 0.468750 0.087891 0.514062 0.023047 0.514062
1 0.198047 0.571484 0.239453 0.571484 0.239453 0.620703 0.198047 0.620703
1 0.593750 0.466797 0.634375 0.466797 0.634375 0.525391 0.593750 0.525391
1 0.698047 0.429688 0.730078 0.429688 0.730078 0.482812 0.698047 0.482812
1 0.839844 0.287891 0.892969 0.287891 0.892969 0.358984 0.839844 0.358984
1 0.306641 0.394531 0.348047 0.394531 0.348047 0.474219 0.306641 0.474219
