1 0.276953 0.665234 0.429297 0.665234 0.429297 0.797266 0.276953 0.797266
1 0.758594 0.723438 0.892969 0.723438 0.892969 0.865625 0.758594 0.865625
1 0.471094 0.812891 0.638281 0.812891 0.638281 0.938672 0.471094 0.938672
1 0.879297 0.480078 0.959766 0.480078 0.959766 0.579297 0.879297 0.579297
1 0.635547 0.415234 0.712891 0.415234 0.712891 0.487891 0.635547 0.487891
1 0.518750 0.277734 0.632812 0.277734 0.632812 0.392578 0.518750 0.392578
1 0.248047 0.152734 0.333203 0.152734 0.333203 0.217578 0.248047 0.217578
1 0.279297 0.552344 0.364453 0.552344 0.364453 0.633594 0.279297 0.633594
1 0.483594 0.560937 0.563281 0.560937 0.563281 0.639062 0.483594 0.639062
1 0.056250 0.710547 0.131250 0.710547 0.131250 0.773828 0.056250 0.773828
1 0.116797 0.673047 0.184766 0.673047 0.184766 0.723828 0.116797 0.723828
1 0.210156 0.652734 0.269531 0.652734 0.269531 0.694141 0.210156 0.694141
1 0.170703 0.589453 0.223047 0.589453 0.223047 0.635547 0.170703 0.635547
1 0.241406 0.598437 0.271094 0.598437 0.271094 0.637500 0.241406 0.637500
1 0.131250 0.550391 0.184375 0.550391 0.184375 0.582422 0.131250 0.582422
1 0.204297 0.217188 0.259766 0.217188 0.259766 0.279687 0.204297 0.279687
1 0.114844 0.052734 0.189844 0.052734 0.189844 0.116016 0.114844 0.116016
1 0.233203 0.087891 0.276172 0.087891 0.276172 0.129297 0.233203 0.129297
1 0.293750 0.058594 0.328125 0.058594 0.328125 0.092969 0.293750 0.092969
1 0.505859 0.152344 0.587891 0.152344 0.587891 0.225781 0.505859 0.225781
1 0.368359 0.185938 0.414453 0.185938 0.414453 0.229688 0.368359 0.229688
1 0.395703 0.410937 0.452734 0.410937 0.452734 0.460938 0.395703 0.460938
1 0.323047 0.336328 0.362891 0.336328 0.362891 0.377734 0.323047 0.377734
1 0.625000 0.595703 0.678125 0.595703 0.678125 0.660547 0.625000 0.660547
1 0.622656 0.760937 0.696094 0.760937 0.696094 0.810937 0.622656 0.810937
1 0.766797 0.438281 0.812891 0.438281 0.812891 0.494531 0.766797 0.494531
1 0.525000 0.683594 0.579688 0.683594 0.579688 0.724219 0.525000 0.724219
1 0.408203 0.604687 0.452734 0.604687 0.452734 0.662500 0.408203 0.662500
1 0.333203 0.477344 0.371484 0.477344 0.371484 0.528906 0.333203 0.528906
1 0.239453 0.462891 0.298047 0.462891 0.298047 0.508984 0.239453 0.508984
1 0.129297 0.420703 0.189453 0.420703 0.189453 0.483984 0.129297 0.483984
1 0.283203 0.781250 0.329297 0.781250 0.329297 0.845312 0.283203 0.845312
1 0.414453 0.805078 0.446484 0.805078 0.446484 0.857422 0.414453 0.857422
