1 0.614453 0.581250 0.674609 0.581250 0.674609 0.642188 0.614453 0.642188
1 0.621094 0.515234 0.666406 0.515234 0.666406 0.537891 0.621094 0.537891
1 0.556250 0.429297 0.604687 0.429297 0.604687 0.469141 0.556250 0.469141
1 0.619141 0.221094 0.674609 0.221094 0.674609 0.271094 0.619141 0.271094
1 0.362891 0.277734 0.421484 0.277734 0.421484 0.309766 0.362891 0.309766
1 0.481250 0.369141 0.510938 0.369141 0.510938 0.402734 0.481250 0.402734
1 0.568750 0.339844 0.604687 0.339844 0.604687 0.352344 0.568750 0.352344
1 0.545703 0.646484 0.607422 0.646484 0.607422 0.695703 0.545703 0.695703
1 0.555859 0.744141 0.617578 0.744141 0.617578 0.780859 0.555859 0.780859
1 0.641406 0.773438 0.721094 0.773438 0.721094 0.840625 0.641406 0.840625
1 0.373047 0.750391 0.455078 0.750391 0.455078 0.810547 0.373047 0.810547
1 0.489453 0.933984 0.527734 0.933984 0.527734 0.970703 0.489453 0.970703
