1 0.422656 0.254297 0.467969 0.254297 0.467969 0.341016 0.422656 0.341016
1 0.539844 0.613281 0.594531 0.613281 0.594531 0.696094 0.539844 0.696094
1 0.617188 0.619141 0.653125 0.619141 0.653125 0.685547 0.617188 0.685547
1 0.641797 0.648438 0.687891 0.648438 0.687891 0.737500 0.641797 0.737500
1 0.821094 0.535937 0.866406 0.535937 0.866406 0.617188 0.821094 0.617188
1 0.839844 0.660937 0.892969 0.660937 0.892969 0.718750 0.839844 0.718750
1 0.870703 0.642187 0.921484 0.642187 0.921484 0.718750 0.870703 0.718750
1 0.347656 0.342187 0.374219 0.342187 0.374219 0.389062 0.347656 0.389062
1 0.352344 0.410547 0.419531 0.410547 0.419531 0.500391 0.352344 0.500391
1 0.175000 0.596094 0.231250 0.596094 0.231250 0.675781 0.175000 0.675781
1 0.133203 0.721094 0.201172 0.721094 0.201172 0.800781 0.133203 0.800781
1 0.235156 0.780078 0.274219 0.780078 0.274219 0.830859 0.235156 0.830859
