1 0.580859 0.212891 0.714453 0.212891 0.714453 0.308984 0.580859 0.308984
1 0.332812 0.066797 0.509375 0.066797 0.509375 0.172266 0.332812 0.172266
1 0.095313 0.104688 0.234375 0.104688 0.234375 0.278125 0.095313 0.278125
1 0.033203 0.423047 0.152734 0.423047 0.152734 0.525391 0.033203 0.525391
1 0.289453 0.512500 0.379297 0.512500 0.379297 0.565625 0.289453 0.565625
1 0.435156 0.362891 0.519531 0.362891 0.519531 0.452734 0.435156 0.452734
1 0.645703 0.377734 0.724609 0.377734 0.724609 0.462891 0.645703 0.462891
1 0.387109 0.621094 0.464453 0.621094 0.464453 0.677344 0.387109 0.677344
1 0.673047 0.787891 0.756641 0.787891 0.756641 0.862109 0.673047 0.862109
1 0.568750 0.766797 0.635937 0.766797 0.635937 0.825391 0.568750 0.825391
1 0.738281 0.729297 0.792969 0.729297 0.792969 0.775391 0.738281 0.775391
1 0.808594 0.862891 0.892969 0.862891 0.892969 0.958984 0.808594 0.958984
1 0.706250 0.869531 0.785937 0.869531 0.785937 0.924219 0.706250 0.924219
1 0.725000 0.360938 0.776562 0.360938 0.776562 0.404687 0.725000 0.404687
1 0.730859 0.302734 0.787891 0.302734 0.787891 0.344141 0.730859 0.344141
1 0.841797 0.282031 0.891016 0.282031 0.891016 0.342969 0.841797 0.342969
1 0.891797 0.225000 0.930078 0.225000 0.930078 0.285938 0.891797 0.285938
1 0.200391 0.512891 0.248047 0.512891 0.248047 0.555859 0.200391 0.555859
1 0.425391 0.275391 0.474609 0.275391 0.474609 0.308984 0.425391 0.308984
1 0.321094 0.352344 0.389844 0.352344 0.389844 0.396094 0.321094 0.396094
1 0.535156 0.141797 0.596094 0.141797 0.596094 0.197266 0.535156 0.197266
1 0.552344 0.547266 0.591406 0.547266 0.591406 0.588672 0.552344 0.588672
1 0.772656 0.348047 0.825781 0.348047 0.825781 0.400391 0.772656 0.400391
1 0.814844 0.508594 0.864844 0.508594 0.864844 0.582031 0.814844 0.582031
1 0.618359 0.604297 0.691016 0.604297 0.691016 0.669141 0.618359 0.669141
1 0.006641 0.121484 0.071484 0.121484 0.071484 0.164453 0.006641 0.164453
