1 0.630859 0.408594 0.712891 0.408594 0.712891 0.474219 0.630859 0.474219
1 0.539453 0.319141 0.605859 0.319141 0.605859 0.383984 0.539453 0.383984
1 0.860547 0.498047 0.959766 0.498047 0.959766 0.575391 0.860547 0.575391
1 0.743750 0.756250 0.910938 0.756250 0.910938 0.868750 0.743750 0.868750
1 0.502344 0.817187 0.586719 0.817187 0.586719 0.934375 0.502344 0.934375
1 0.398047 0.802734 0.461328 0.802734 0.461328 0.866016 0.398047 0.866016
1 0.285156 0.666797 0.425781 0.666797 0.425781 0.803516 0.285156 0.803516
1 0.272656 0.533984 0.344531 0.533984 0.344531 0.612891 0.272656 0.612891
1 0.198047 0.516797 0.230078 0.516797 0.230078 0.573828 0.198047 0.573828
1 0.131250 0.546094 0.181250 0.546094 0.181250 0.597656 0.131250 0.597656
1 0.189453 0.592188 0.229297 0.592188 0.229297 0.640625 0.189453 0.640625
1 0.248047 0.590234 0.281641 0.590234 0.281641 0.639453 0.248047 0.639453
1 0.212500 0.648438 0.257812 0.648438 0.257812 0.693750 0.212500 0.693750
1 0.118750 0.654297 0.160937 0.654297 0.160937 0.726953 0.118750 0.726953
1 0.054297 0.708594 0.114453 0.708594 0.114453 0.757031 0.054297 0.757031
1 0.212891 0.225391 0.271484 0.225391 0.271484 0.277734 0.212891 0.277734
1 0.225000 0.144531 0.329688 0.144531 0.329688 0.217969 0.225000 0.217969
1 0.101953 0.056641 0.173047 0.056641 0.173047 0.127734 0.101953 0.127734
1 0.210938 0.079687 0.278125 0.079687 0.278125 0.129688 0.210938 0.129688
1 0.293750 0.058984 0.354687 0.058984 0.354687 0.109766 0.293750 0.109766
1 0.375000 0.164844 0.435937 0.164844 0.435937 0.247656 0.375000 0.247656
1 0.491797 0.144531 0.584766 0.144531 0.584766 0.221094 0.491797 0.221094
1 0.483203 0.555078 0.555859 0.555078 0.555859 0.629297 0.483203 0.629297
1 0.535156 0.685937 0.594531 0.685937 0.594531 0.737500 0.535156 0.737500
1 0.622656 0.592187 0.672656 0.592187 0.672656 0.657813 0.622656 0.657813
1 0.633594 0.750391 0.689844 0.750391 0.689844 0.807422 0.633594 0.807422
1 0.716406 0.529297 0.847656 0.529297 0.847656 0.619141 0.716406 0.619141
1 0.746094 0.427344 0.817969 0.427344 0.817969 0.507031 0.746094 0.507031
1 0.395703 0.412891 0.474609 0.412891 0.474609 0.455859 0.395703 0.455859
1 0.248047 0.454688 0.286328 0.454688 0.286328 0.506250 0.248047 0.506250
1 0.317188 0.475391 0.378125 0.475391 0.378125 0.529297 0.317188 0.529297
1 0.148047 0.421484 0.209766 0.421484 0.209766 0.486328 0.148047 0.486328
1 0.321094 0.338281 0.391406 0.338281 0.391406 0.397656 0.321094 0.397656
1 0.881641 0.396094 0.921484 0.396094 0.921484 0.452344 0.881641 0.452344
1 0.608594 0.854297 0.663281 0.854297 0.663281 0.925391 0.608594 0.925391
1 0.712500 0.908594 0.753125 0.908594 0.753125 0.975781 0.712500 0.975781
1 0.946094 0.831250 0.986719 0.831250 0.986719 0.895312 0.946094 0.895312
