1 0.143750 0.371484 0.253125 0.371484 0.253125 0.444141 0.143750 0.444141
1 0.000000 0.570312 0.064062 0.570312 0.064062 0.628125 0.000000 0.628125
1 0.070703 0.692187 0.157422 0.692187 0.157422 0.760938 0.070703 0.760938
1 0.230859 0.712891 0.367578 0.712891 0.367578 0.810547 0.230859 0.810547
1 0.081641 0.779297 0.198047 0.779297 0.198047 0.873828 0.081641 0.873828
1 0.204297 0.852344 0.284766 0.852344 0.284766 0.903906 0.204297 0.903906
1 0.576953 0.590234 0.674609 0.590234 0.674609 0.645703 0.576953 0.645703
1 0.769141 0.877734 0.899609 0.877734 0.899609 0.991016 0.769141 0.991016
1 0.231641 0.171094 0.319922 0.171094 0.319922 0.221094 0.231641 0.221094
1 0.391797 0.150781 0.531641 0.150781 0.531641 0.217969 0.391797 0.217969
1 0.674609 0.312891 0.792578 0.312891 0.792578 0.374609 0.674609 0.374609
1 0.464844 0.404297 0.519531 0.404297 0.519531 0.442578 0.464844 0.442578
1 0.506250 0.462500 0.582813 0.462500 0.582813 0.514062 0.506250 0.514062
