1 0.397656 0.244141 0.475781 0.244141 0.475781 0.327734 0.397656 0.327734
1 0.545703 0.604297 0.599609 0.604297 0.599609 0.698828 0.545703 0.698828
1 0.619141 0.621484 0.696484 0.621484 0.696484 0.744141 0.619141 0.744141
1 0.839844 0.640234 0.936719 0.640234 0.936719 0.716016 0.839844 0.716016
1 0.789844 0.537891 0.869531 0.537891 0.869531 0.610547 0.789844 0.610547
1 0.335156 0.429688 0.425781 0.429688 0.425781 0.515625 0.335156 0.515625
1 0.333203 0.329688 0.382422 0.329688 0.382422 0.381250 0.333203 0.381250
1 0.162109 0.604297 0.237891 0.604297 0.237891 0.670703 0.162109 0.670703
1 0.155859 0.743750 0.216016 0.743750 0.216016 0.792187 0.155859 0.792187
1 0.235547 0.790234 0.287891 0.790234 0.287891 0.845703 0.235547 0.845703
