1 0.276953 0.452734 0.448047 0.452734 0.448047 0.544141 0.276953 0.544141
1 0.583594 0.452344 0.666406 0.452344 0.666406 0.505469 0.583594 0.505469
1 0.197656 0.606641 0.371094 0.606641 0.371094 0.712109 0.197656 0.712109
1 0.044141 0.742188 0.121484 0.742188 0.121484 0.789062 0.044141 0.789062
1 0.291797 0.937891 0.405078 0.937891 0.405078 0.983984 0.291797 0.983984
1 0.183594 0.358984 0.263281 0.358984 0.263281 0.412891 0.183594 0.412891
1 0.360156 0.179688 0.517969 0.179688 0.517969 0.285938 0.360156 0.285938
1 0.547656 0.257812 0.669531 0.257812 0.669531 0.334375 0.547656 0.334375
1 0.750000 0.104297 0.803125 0.104297 0.803125 0.147266 0.750000 0.147266
1 0.914453 0.144531 0.996484 0.144531 0.996484 0.191406 0.914453 0.191406
1 0.829688 0.000000 0.950000 0.000000 0.950000 0.032813 0.829688 0.032813
1 0.276953 0.090234 0.405859 0.090234 0.405859 0.187891 0.276953 0.187891
1 0.916797 0.621484 0.983203 0.621484 0.983203 0.669141 0.916797 0.669141
