1 0.399609 0.283594 0.512891 0.283594 0.512891 0.347656 0.399609 0.347656
1 0.465234 0.356641 0.559766 0.356641 0.559766 0.401172 0.465234 0.401172
1 0.403906 0.431250 0.517969 0.431250 0.517969 0.482812 0.403906 0.482812
1 0.616797 0.466797 0.711328 0.466797 0.711328 0.550391 0.616797 0.550391
1 0.779297 0.323047 0.862891 0.323047 0.862891 0.372266 0.779297 0.372266
1 0.649609 0.414844 0.717578 0.414844 0.717578 0.475781 0.649609 0.475781
1 0.201953 0.594141 0.304297 0.594141 0.304297 0.635547 0.201953 0.635547
1 0.324609 0.604297 0.416016 0.604297 0.416016 0.647266 0.324609 0.647266
1 0.108203 0.854297 0.223047 0.854297 0.223047 0.905078 0.108203 0.905078
1 0.381250 0.831641 0.456250 0.831641 0.456250 0.882422 0.381250 0.882422
1 0.473047 0.785938 0.558203 0.785938 0.558203 0.834375 0.473047 0.834375
1 0.270703 0.667188 0.327734 0.667188 0.327734 0.710938 0.270703 0.710938
1 0.464844 0.692188 0.513281 0.692188 0.513281 0.735938 0.464844 0.735938
1 0.569141 0.869531 0.644922 0.869531 0.644922 0.903906 0.569141 0.903906
1 0.512500 0.912891 0.607812 0.912891 0.607812 0.982422 0.512500 0.982422
1 0.189453 0.796094 0.232422 0.796094 0.232422 0.825781 0.189453 0.825781
1 0.322656 0.887500 0.375781 0.887500 0.375781 0.920312 0.322656 0.920312
1 0.052344 0.762891 0.116406 0.762891 0.116406 0.804297 0.052344 0.804297
1 0.073047 0.823047 0.109766 0.823047 0.109766 0.853516 0.073047 0.853516
1 0.610547 0.237891 0.662891 0.237891 0.662891 0.276172 0.610547 0.276172
1 0.383203 0.581641 0.448047 0.581641 0.448047 0.605859 0.383203 0.605859
1 0.516797 0.573438 0.559766 0.573438 0.559766 0.609375 0.516797 0.609375
1 0.750000 0.200000 0.809375 0.200000 0.809375 0.240625 0.750000 0.240625
1 0.841406 0.123437 0.921094 0.123437 0.921094 0.160937 0.841406 0.160937
1 0.910156 0.146094 0.971094 0.146094 0.971094 0.175781 0.910156 0.175781
1 0.539062 0.083594 0.609375 0.083594 0.609375 0.121094 0.539062 0.121094
