1 0.475391 0.406250 0.594922 0.406250 0.594922 0.465625 0.475391 0.465625
1 0.526953 0.162891 0.652734 0.162891 0.652734 0.232422 0.526953 0.232422
1 0.056641 0.112500 0.171484 0.112500 0.171484 0.187500 0.056641 0.187500
1 0.100000 0.232031 0.201563 0.232031 0.201563 0.294531 0.100000 0.294531
1 0.000391 0.079687 0.043359 0.079687 0.043359 0.126562 0.000391 0.126562
1 0.000000 0.537500 0.115625 0.537500 0.115625 0.617188 0.000000 0.617188
1 0.214844 0.356641 0.314844 0.356641 0.314844 0.407422 0.214844 0.407422
1 0.377344 0.468750 0.469531 0.468750 0.469531 0.514062 0.377344 0.514062
1 0.512891 0.554297 0.573047 0.554297 0.573047 0.597266 0.512891 0.597266
1 0.568750 0.521094 0.610938 0.521094 0.610938 0.547656 0.568750 0.547656
1 0.266406 0.737891 0.349219 0.737891 0.349219 0.787109 0.266406 0.787109
1 0.575391 0.900391 0.696484 0.900391 0.696484 0.982422 0.575391 0.982422
