1 0.277344 0.460938 0.461719 0.460938 0.461719 0.559375 0.277344 0.559375
1 0.194141 0.604297 0.399609 0.604297 0.399609 0.720703 0.194141 0.720703
1 0.579297 0.450000 0.684766 0.450000 0.684766 0.517188 0.579297 0.517188
1 0.576953 0.250000 0.671484 0.250000 0.671484 0.339063 0.576953 0.339063
1 0.397656 0.208594 0.492969 0.208594 0.492969 0.272656 0.397656 0.272656
1 0.273047 0.112891 0.362891 0.112891 0.362891 0.154297 0.273047 0.154297
1 0.173047 0.358594 0.259766 0.358594 0.259766 0.427344 0.173047 0.427344
1 0.016406 0.746484 0.117969 0.746484 0.117969 0.789453 0.016406 0.789453
1 0.308594 0.946094 0.417969 0.946094 0.417969 0.986719 0.308594 0.986719
1 0.746094 0.106641 0.794531 0.106641 0.794531 0.148047 0.746094 0.148047
1 0.901953 0.154297 0.999609 0.154297 0.999609 0.197266 0.901953 0.197266
1 0.920703 0.610938 0.971484 0.610938 0.971484 0.659375 0.920703 0.659375
1 0.823437 0.000391 0.943750 0.000391 0.943750 0.040234 0.823437 0.040234
