1 0.497656 0.425000 0.574219 0.425000 0.574219 0.539062 0.497656 0.539062
1 0.333594 0.339453 0.417969 0.339453 0.417969 0.433984 0.333594 0.433984
1 0.046094 0.458594 0.114844 0.458594 0.114844 0.553906 0.046094 0.553906
1 0.247656 0.446094 0.321094 0.446094 0.321094 0.532031 0.247656 0.532031
1 0.266406 0.615234 0.317969 0.615234 0.317969 0.666016 0.266406 0.666016
1 0.239453 0.775391 0.301172 0.775391 0.301172 0.857422 0.239453 0.857422
1 0.401953 0.767187 0.474609 0.767187 0.474609 0.843750 0.401953 0.843750
1 0.387500 0.677344 0.459375 0.677344 0.459375 0.757031 0.387500 0.757031
1 0.798047 0.504297 0.883203 0.504297 0.883203 0.600391 0.798047 0.600391
1 0.631250 0.258594 0.706250 0.258594 0.706250 0.378906 0.631250 0.378906
1 0.204297 0.069531 0.266016 0.069531 0.266016 0.169531 0.204297 0.169531
1 0.078906 0.025000 0.147656 0.025000 0.147656 0.135937 0.078906 0.135937
1 0.352344 0.016797 0.416406 0.016797 0.416406 0.141016 0.352344 0.141016
1 0.725391 0.040234 0.798047 0.040234 0.798047 0.136328 0.725391 0.136328
1 0.897656 0.196484 0.972656 0.196484 0.972656 0.317578 0.897656 0.317578
1 0.589453 0.813281 0.673047 0.813281 0.673047 0.924219 0.589453 0.924219
