1 0.675000 0.425391 0.734375 0.425391 0.734375 0.479297 0.675000 0.479297
1 0.300000 0.538281 0.407812 0.538281 0.407812 0.600781 0.300000 0.600781
1 0.310156 0.612891 0.394531 0.612891 0.394531 0.663672 0.310156 0.663672
1 0.260547 0.646094 0.362891 0.646094 0.362891 0.702344 0.260547 0.702344
1 0.391797 0.810937 0.456641 0.810937 0.456641 0.862500 0.391797 0.862500
1 0.278906 0.838281 0.349219 0.838281 0.349219 0.878906 0.278906 0.878906
1 0.023047 0.833594 0.139453 0.833594 0.139453 0.902344 0.023047 0.902344
1 0.276953 0.894531 0.357422 0.894531 0.357422 0.928906 0.276953 0.928906
1 0.489844 0.343750 0.594531 0.343750 0.594531 0.414062 0.489844 0.414062
1 0.621094 0.335938 0.661719 0.335938 0.661719 0.382812 0.621094 0.382812
1 0.316797 0.189844 0.411328 0.189844 0.411328 0.250781 0.316797 0.250781
1 0.187109 0.146484 0.266016 0.146484 0.266016 0.208203 0.187109 0.208203
