1 0.520703 0.387891 0.601172 0.387891 0.601172 0.507422 0.520703 0.507422
1 0.389453 0.420703 0.432422 0.420703 0.432422 0.483984 0.389453 0.483984
1 0.464844 0.498047 0.542969 0.498047 0.542969 0.622266 0.464844 0.622266
1 0.575000 0.679688 0.628125 0.679688 0.628125 0.792188 0.575000 0.792188
1 0.705859 0.812891 0.767578 0.812891 0.767578 0.915234 0.705859 0.915234
1 0.796875 0.789062 0.920313 0.789062 0.920313 1.000000 0.796875 1.000000
1 0.210547 0.646484 0.287891 0.646484 0.287891 0.739453 0.210547 0.739453
1 0.331250 0.856641 0.482812 0.856641 0.482812 0.999609 0.331250 0.999609
1 0.766406 0.344141 0.844531 0.344141 0.844531 0.485547 0.766406 0.485547
1 0.005859 0.296094 0.114453 0.296094 0.114453 0.455469 0.005859 0.455469
