1 0.250000 0.304297 0.354688 0.304297 0.354688 0.348828 0.250000 0.348828
1 0.323047 0.342187 0.386328 0.342187 0.386328 0.381250 0.323047 0.381250
1 0.296094 0.404297 0.392969 0.404297 0.392969 0.448828 0.296094 0.448828
1 0.662500 0.532031 0.734375 0.532031 0.734375 0.574219 0.662500 0.574219
1 0.508203 0.602734 0.580859 0.602734 0.580859 0.641016 0.508203 0.641016
1 0.608203 0.630078 0.673047 0.630078 0.673047 0.655859 0.608203 0.655859
1 0.206250 0.812891 0.278125 0.812891 0.278125 0.838672 0.206250 0.838672
1 0.162891 0.721094 0.224609 0.721094 0.224609 0.752344 0.162891 0.752344
1 0.322656 0.775391 0.396094 0.775391 0.396094 0.807422 0.322656 0.807422
1 0.291797 0.110937 0.359766 0.110937 0.359766 0.153125 0.291797 0.153125
1 0.397656 0.140234 0.467969 0.140234 0.467969 0.186328 0.397656 0.186328
1 0.273047 0.069141 0.362891 0.069141 0.362891 0.108984 0.273047 0.108984
