1 0.679297 0.296484 0.784766 0.296484 0.784766 0.392578 0.679297 0.392578
1 0.802344 0.402344 0.844531 0.402344 0.844531 0.449219 0.802344 0.449219
1 0.837891 0.504688 0.919922 0.504688 0.919922 0.584375 0.837891 0.584375
1 0.556250 0.477344 0.628125 0.477344 0.628125 0.549219 0.556250 0.549219
1 0.754297 0.781641 0.861328 0.781641 0.861328 0.888672 0.754297 0.888672
1 0.485156 0.855078 0.575781 0.855078 0.575781 0.957422 0.485156 0.957422
1 0.418750 0.641797 0.478125 0.641797 0.478125 0.700391 0.418750 0.700391
1 0.323047 0.544141 0.381641 0.544141 0.381641 0.602734 0.323047 0.602734
1 0.239453 0.221484 0.273047 0.221484 0.273047 0.259766 0.239453 0.259766
1 0.158203 0.264453 0.205859 0.264453 0.205859 0.307422 0.158203 0.307422
1 0.081250 0.210938 0.126562 0.210938 0.126562 0.254688 0.081250 0.254688
1 0.181250 0.371484 0.229688 0.371484 0.229688 0.419141 0.181250 0.419141
1 0.550000 0.262500 0.606250 0.262500 0.606250 0.339062 0.550000 0.339062
1 0.595703 0.238281 0.632422 0.238281 0.632422 0.271094 0.595703 0.271094
1 0.666406 0.219141 0.696094 0.219141 0.696094 0.254297 0.666406 0.254297
1 0.596094 0.185547 0.639844 0.185547 0.639844 0.220703 0.596094 0.220703
1 0.672656 0.120703 0.721094 0.120703 0.721094 0.180859 0.672656 0.180859
1 0.691406 0.066797 0.771094 0.066797 0.771094 0.120703 0.691406 0.120703
1 0.416406 0.417187 0.447656 0.417187 0.447656 0.456250 0.416406 0.456250
1 0.493750 0.319141 0.526562 0.319141 0.526562 0.349609 0.493750 0.349609
1 0.469531 0.248828 0.497656 0.248828 0.497656 0.301172 0.469531 0.301172
1 0.433203 0.140234 0.473047 0.140234 0.473047 0.183203 0.433203 0.183203
1 0.058203 0.110937 0.105859 0.110937 0.105859 0.185938 0.058203 0.185938
1 0.547656 0.135547 0.600781 0.135547 0.600781 0.195703 0.547656 0.195703
1 0.326563 0.332031 0.409375 0.332031 0.409375 0.367969 0.326563 0.367969
1 0.583203 0.617188 0.655859 0.617188 0.655859 0.685938 0.583203 0.685938
1 0.739453 0.646094 0.798047 0.646094 0.798047 0.678906 0.739453 0.678906
