1 0.137500 0.107031 0.253125 0.107031 0.253125 0.219531 0.137500 0.219531
1 0.421094 0.037891 0.519531 0.037891 0.519531 0.148047 0.421094 0.148047
1 0.077344 0.419531 0.167969 0.419531 0.167969 0.496094 0.077344 0.496094
1 0.214453 0.602344 0.304297 0.602344 0.304297 0.707031 0.214453 0.707031
1 0.366406 0.452344 0.447656 0.452344 0.447656 0.528906 0.366406 0.528906
1 0.525000 0.302344 0.576562 0.302344 0.576562 0.380469 0.525000 0.380469
1 0.620703 0.396094 0.679297 0.396094 0.679297 0.453906 0.620703 0.453906
1 0.398047 0.671094 0.455078 0.671094 0.455078 0.730469 0.398047 0.730469
1 0.349609 0.729688 0.412891 0.729688 0.412891 0.768750 0.349609 0.768750
1 0.297656 0.739844 0.346094 0.739844 0.346094 0.782031 0.297656 0.782031
1 0.279687 0.838281 0.328125 0.838281 0.328125 0.874219 0.279687 0.874219
1 0.245703 0.900391 0.277734 0.900391 0.277734 0.937109 0.245703 0.937109
1 0.735547 0.742578 0.761328 0.742578 0.761328 0.780859 0.735547 0.780859
1 0.802344 0.677344 0.844531 0.677344 0.844531 0.728906 0.802344 0.728906
1 0.877344 0.731641 0.916406 0.731641 0.916406 0.780859 0.877344 0.780859
1 0.548047 0.542187 0.589453 0.542187 0.589453 0.592187 0.548047 0.592187
1 0.789844 0.579297 0.816406 0.579297 0.816406 0.623828 0.789844 0.623828
1 0.477344 0.641797 0.517969 0.641797 0.517969 0.675391 0.477344 0.675391
1 0.362891 0.775391 0.398047 0.775391 0.398047 0.812109 0.362891 0.812109
1 0.412109 0.821484 0.442578 0.821484 0.442578 0.845703 0.412109 0.845703
1 0.606250 0.623437 0.656250 0.623437 0.656250 0.667187 0.606250 0.667187
1 0.339062 0.331641 0.409375 0.331641 0.409375 0.380859 0.339062 0.380859
