1 0.485938 0.296094 0.603125 0.296094 0.603125 0.349219 0.485938 0.349219
1 0.139844 0.329688 0.213281 0.329688 0.213281 0.360938 0.139844 0.360938
1 0.031250 0.133594 0.104687 0.133594 0.104687 0.202344 0.031250 0.202344
1 0.198047 0.196484 0.259766 0.196484 0.259766 0.237891 0.198047 0.237891
1 0.289844 0.429297 0.344531 0.429297 0.344531 0.467578 0.289844 0.467578
1 0.289844 0.494531 0.369531 0.494531 0.369531 0.549219 0.289844 0.549219
1 0.497656 0.433594 0.575781 0.433594 0.575781 0.475781 0.497656 0.475781
1 0.430859 0.363281 0.517578 0.363281 0.517578 0.399219 0.430859 0.399219
1 0.585547 0.608984 0.684766 0.608984 0.684766 0.647266 0.585547 0.647266
1 0.462891 0.787891 0.524609 0.787891 0.524609 0.833984 0.462891 0.833984
1 0.773047 0.862891 0.887891 0.862891 0.887891 0.907422 0.773047 0.907422
1 0.546094 0.829297 0.616406 0.829297 0.616406 0.876953 0.546094 0.876953
1 0.346094 0.858594 0.441406 0.858594 0.441406 0.903906 0.346094 0.903906
1 0.389453 0.917187 0.480859 0.917187 0.480859 0.970313 0.389453 0.970313
1 0.389844 0.082031 0.467969 0.082031 0.467969 0.144531 0.389844 0.144531
1 0.098047 0.121094 0.155078 0.121094 0.155078 0.175781 0.098047 0.175781
1 0.691797 0.585547 0.784766 0.585547 0.784766 0.644141 0.691797 0.644141
1 0.656250 0.679688 0.726562 0.679688 0.726562 0.707812 0.656250 0.707812
1 0.464453 0.696484 0.546484 0.696484 0.546484 0.745703 0.464453 0.745703
1 0.433203 0.571094 0.505859 0.571094 0.505859 0.603906 0.433203 0.603906
1 0.331250 0.229297 0.403125 0.229297 0.403125 0.273828 0.331250 0.273828
1 0.628906 0.879687 0.692969 0.879687 0.692969 0.917188 0.628906 0.917188
