1 0.779297 0.108594 0.889453 0.108594 0.889453 0.152344 0.779297 0.152344
1 0.714453 0.346094 0.782422 0.346094 0.782422 0.407031 0.714453 0.407031
1 0.598438 0.350000 0.678125 0.350000 0.678125 0.390625 0.598438 0.390625
1 0.550391 0.386328 0.623047 0.386328 0.623047 0.427734 0.550391 0.427734
1 0.437500 0.396094 0.504687 0.396094 0.504687 0.430469 0.437500 0.430469
1 0.277344 0.454688 0.386719 0.454688 0.386719 0.506250 0.277344 0.506250
1 0.298047 0.517188 0.356641 0.517188 0.356641 0.584375 0.298047 0.584375
1 0.150391 0.618750 0.219922 0.618750 0.219922 0.693750 0.150391 0.693750
1 0.480859 0.523047 0.612891 0.523047 0.612891 0.570703 0.480859 0.570703
1 0.431250 0.608984 0.534375 0.608984 0.534375 0.642578 0.431250 0.642578
1 0.485156 0.660937 0.571094 0.660937 0.571094 0.687500 0.485156 0.687500
1 0.066406 0.832031 0.175781 0.832031 0.175781 0.877344 0.066406 0.877344
1 0.401562 0.879297 0.459375 0.879297 0.459375 0.923828 0.401562 0.923828
1 0.426953 0.172656 0.552734 0.172656 0.552734 0.219531 0.426953 0.219531
1 0.368750 0.096484 0.426563 0.096484 0.426563 0.137891 0.368750 0.137891
1 0.414453 0.021094 0.482422 0.021094 0.482422 0.102344 0.414453 0.102344
1 0.551953 0.108594 0.623047 0.108594 0.623047 0.169531 0.551953 0.169531
1 0.623047 0.077734 0.686328 0.077734 0.686328 0.116016 0.623047 0.116016
1 0.766797 0.167187 0.837891 0.167187 0.837891 0.210938 0.766797 0.210938
1 0.672656 0.288281 0.742969 0.288281 0.742969 0.347656 0.672656 0.347656
1 0.473047 0.264844 0.531641 0.264844 0.531641 0.300781 0.473047 0.300781
1 0.343359 0.712891 0.392578 0.712891 0.392578 0.763672 0.343359 0.763672
1 0.187500 0.737891 0.253125 0.737891 0.253125 0.804297 0.187500 0.804297
