1 0.330469 0.479297 0.419531 0.479297 0.419531 0.548828 0.330469 0.548828
1 0.331250 0.675391 0.432812 0.675391 0.432812 0.735547 0.331250 0.735547
1 0.518750 0.727734 0.607812 0.727734 0.607812 0.795703 0.518750 0.795703
1 0.018750 0.806641 0.103125 0.806641 0.103125 0.858984 0.018750 0.858984
1 0.196094 0.850391 0.264844 0.850391 0.264844 0.887109 0.196094 0.887109
1 0.072656 0.954687 0.174219 0.954687 0.174219 1.000000 0.072656 1.000000
1 0.025000 0.346094 0.085938 0.346094 0.085938 0.403906 0.025000 0.403906
1 0.528906 0.442188 0.725781 0.442188 0.725781 0.535937 0.528906 0.535937
1 0.606250 0.279297 0.809375 0.279297 0.809375 0.394141 0.606250 0.394141
1 0.610156 0.008984 0.692969 0.008984 0.692969 0.059766 0.610156 0.059766
1 0.897656 0.212891 0.971094 0.212891 0.971094 0.255859 0.897656 0.255859
1 0.746094 0.588281 0.839844 0.588281 0.839844 0.647656 0.746094 0.647656
1 0.658203 0.856641 0.702734 0.856641 0.702734 0.879297 0.658203 0.879297
