1 0.676953 0.460938 0.748047 0.460938 0.748047 0.542188 0.676953 0.542188
1 0.681250 0.346484 0.735938 0.346484 0.735938 0.414453 0.681250 0.414453
1 0.674609 0.146094 0.767578 0.146094 0.767578 0.247656 0.674609 0.247656
1 0.529297 0.237500 0.633203 0.237500 0.633203 0.340625 0.529297 0.340625
1 0.323047 0.098047 0.409766 0.098047 0.409766 0.192578 0.323047 0.192578
1 0.112109 0.383594 0.212891 0.383594 0.212891 0.472656 0.112109 0.472656
1 0.022656 0.663281 0.121094 0.663281 0.121094 0.799219 0.022656 0.799219
1 0.270313 0.627344 0.384375 0.627344 0.384375 0.753906 0.270313 0.753906
1 0.195703 0.860547 0.302734 0.860547 0.302734 0.975391 0.195703 0.975391
1 0.414453 0.448828 0.529297 0.448828 0.529297 0.579297 0.414453 0.579297
1 0.539062 0.508984 0.659375 0.508984 0.659375 0.642578 0.539062 0.642578
1 0.901953 0.454297 0.954297 0.454297 0.954297 0.550391 0.901953 0.550391
1 0.700391 0.823437 0.798047 0.823437 0.798047 0.915625 0.700391 0.915625
1 0.564453 0.875391 0.657422 0.875391 0.657422 0.983984 0.564453 0.983984
1 0.876953 0.900781 0.907422 0.900781 0.907422 0.977344 0.876953 0.977344
1 0.458203 0.917188 0.532422 0.917188 0.532422 1.000000 0.458203 1.000000
1 0.654297 0.954687 0.741016 0.954687 0.741016 1.000000 0.654297 1.000000
