1 0.508594 0.292578 0.589844 0.292578 0.589844 0.377734 0.508594 0.377734
1 0.616797 0.400391 0.691016 0.400391 0.691016 0.454297 0.616797 0.454297
1 0.105859 0.112891 0.262891 0.112891 0.262891 0.204297 0.105859 0.204297
1 0.402344 0.042188 0.513281 0.042188 0.513281 0.137500 0.402344 0.137500
1 0.073047 0.412891 0.166016 0.412891 0.166016 0.501172 0.073047 0.501172
1 0.212500 0.596484 0.334375 0.596484 0.334375 0.712891 0.212500 0.712891
1 0.387500 0.673828 0.460938 0.673828 0.460938 0.730859 0.387500 0.730859
1 0.371094 0.450000 0.439844 0.450000 0.439844 0.515625 0.371094 0.515625
1 0.530859 0.546094 0.617578 0.546094 0.617578 0.607031 0.530859 0.607031
1 0.797656 0.679688 0.850781 0.679688 0.850781 0.740625 0.797656 0.740625
1 0.722656 0.740234 0.774219 0.740234 0.774219 0.792578 0.722656 0.792578
1 0.475391 0.696094 0.549609 0.696094 0.549609 0.750781 0.475391 0.750781
1 0.462891 0.617188 0.549609 0.617188 0.549609 0.684375 0.462891 0.684375
1 0.591797 0.630078 0.681641 0.630078 0.681641 0.679297 0.591797 0.679297
1 0.089844 0.338281 0.138281 0.338281 0.138281 0.394531 0.089844 0.394531
1 0.194141 0.302734 0.273047 0.302734 0.273047 0.386328 0.194141 0.386328
1 0.339844 0.331641 0.416406 0.331641 0.416406 0.379297 0.339844 0.379297
1 0.400000 0.198437 0.476562 0.198437 0.476562 0.289062 0.400000 0.289062
1 0.493750 0.192188 0.584375 0.192188 0.584375 0.278125 0.493750 0.278125
1 0.308594 0.741797 0.363281 0.741797 0.363281 0.800391 0.308594 0.800391
1 0.364453 0.723437 0.398047 0.723437 0.398047 0.762500 0.364453 0.762500
1 0.358203 0.767188 0.398047 0.767188 0.398047 0.809375 0.358203 0.809375
1 0.427344 0.773438 0.463281 0.773438 0.463281 0.809375 0.427344 0.809375
1 0.519141 0.805078 0.573047 0.805078 0.573047 0.857422 0.519141 0.857422
1 0.773047 0.582031 0.837891 0.582031 0.837891 0.650781 0.773047 0.650781
1 0.889453 0.733203 0.923047 0.733203 0.923047 0.787109 0.889453 0.787109
1 0.885156 0.801953 0.946094 0.801953 0.946094 0.888672 0.885156 0.888672
1 0.233594 0.885547 0.316406 0.885547 0.316406 0.951953 0.233594 0.951953
1 0.270703 0.843750 0.332422 0.843750 0.332422 0.893750 0.270703 0.893750
1 0.408203 0.827734 0.523047 0.827734 0.523047 0.944141 0.408203 0.944141
1 0.093359 0.000000 0.166016 0.000000 0.166016 0.056250 0.093359 0.056250
