1 0.626953 0.454688 0.704297 0.454688 0.704297 0.506250 0.626953 0.506250
1 0.405859 0.510547 0.514453 0.510547 0.514453 0.570703 0.405859 0.570703
1 0.475000 0.593750 0.560937 0.593750 0.560937 0.642187 0.475000 0.642187
1 0.389062 0.642188 0.509375 0.642188 0.509375 0.707813 0.389062 0.707813
1 0.789453 0.637891 0.849609 0.637891 0.849609 0.685547 0.789453 0.685547
1 0.583594 0.712500 0.669531 0.712500 0.669531 0.767188 0.583594 0.767188
1 0.756641 0.748437 0.796484 0.748437 0.796484 0.793750 0.756641 0.793750
1 0.831250 0.826953 0.932813 0.826953 0.932813 0.887109 0.831250 0.887109
1 0.529297 0.873437 0.631641 0.873437 0.631641 0.935937 0.529297 0.935937
1 0.214844 0.354687 0.313281 0.354687 0.313281 0.415625 0.214844 0.415625
1 0.323047 0.337891 0.458203 0.337891 0.458203 0.429297 0.323047 0.429297
1 0.462500 0.163281 0.557812 0.163281 0.557812 0.221094 0.462500 0.221094
1 0.356641 0.105078 0.469922 0.105078 0.469922 0.174609 0.356641 0.174609
1 0.512500 0.021094 0.657813 0.021094 0.657813 0.147656 0.512500 0.147656
1 0.095703 0.094141 0.224609 0.094141 0.224609 0.152734 0.095703 0.152734
1 0.258594 0.279688 0.339844 0.279688 0.339844 0.332813 0.258594 0.332813
1 0.460547 0.271094 0.533203 0.271094 0.533203 0.299219 0.460547 0.299219
1 0.633203 0.520703 0.702734 0.520703 0.702734 0.585547 0.633203 0.585547
