1 0.622656 0.510938 0.669531 0.510938 0.669531 0.539062 0.622656 0.539062
1 0.620703 0.604688 0.654297 0.604688 0.654297 0.637500 0.620703 0.637500
1 0.656250 0.775391 0.709375 0.775391 0.709375 0.830859 0.656250 0.830859
1 0.552344 0.744141 0.589844 0.744141 0.589844 0.780859 0.552344 0.780859
1 0.520703 0.433594 0.602734 0.433594 0.602734 0.472656 0.520703 0.472656
1 0.610547 0.216797 0.681641 0.216797 0.681641 0.266016 0.610547 0.266016
1 0.481641 0.367188 0.524609 0.367188 0.524609 0.410937 0.481641 0.410937
1 0.494141 0.931641 0.524609 0.931641 0.524609 0.962109 0.494141 0.962109
1 0.546094 0.412891 0.591406 0.412891 0.591406 0.452734 0.546094 0.452734
1 0.650000 0.096484 0.709375 0.096484 0.709375 0.161328 0.650000 0.161328
1 0.354297 0.277344 0.406641 0.277344 0.406641 0.303906 0.354297 0.303906
1 0.464062 0.254688 0.509375 0.254688 0.509375 0.279688 0.464062 0.279688
