1 0.416797 0.380078 0.531641 0.380078 0.531641 0.479297 0.416797 0.479297
1 0.343750 0.156641 0.506250 0.156641 0.506250 0.233984 0.343750 0.233984
1 0.675391 0.329297 0.798047 0.329297 0.798047 0.420703 0.675391 0.420703
1 0.819141 0.231641 0.896484 0.231641 0.896484 0.308984 0.819141 0.308984
1 0.827344 0.096094 0.936719 0.096094 0.936719 0.197656 0.827344 0.197656
1 0.896875 0.543750 1.000000 0.543750 1.000000 0.620313 0.896875 0.620313
1 0.516406 0.466797 0.624219 0.466797 0.624219 0.525391 0.516406 0.525391
1 0.403906 0.548438 0.517969 0.548438 0.517969 0.610938 0.403906 0.610938
1 0.381250 0.510937 0.451562 0.510937 0.451562 0.556250 0.381250 0.556250
1 0.635547 0.738281 0.730078 0.738281 0.730078 0.797656 0.635547 0.797656
1 0.293750 0.919141 0.432812 0.919141 0.432812 0.980859 0.293750 0.980859
1 0.087500 0.713281 0.129688 0.713281 0.129688 0.752344 0.087500 0.752344
1 0.804297 0.396094 0.886328 0.396094 0.886328 0.455469 0.804297 0.455469
