1 0.473438 0.296094 0.553125 0.296094 0.553125 0.432031 0.473438 0.432031
1 0.660156 0.327344 0.749219 0.327344 0.749219 0.446094 0.660156 0.446094
1 0.435156 0.521094 0.549219 0.521094 0.549219 0.707031 0.435156 0.707031
1 0.279688 0.610937 0.403125 0.610937 0.403125 0.812500 0.279688 0.812500
1 0.725000 0.531641 0.810937 0.531641 0.810937 0.605859 0.725000 0.605859
1 0.571094 0.737500 0.636719 0.737500 0.636719 0.818750 0.571094 0.818750
1 0.000000 0.570312 0.090625 0.570312 0.090625 0.714063 0.000000 0.714063
1 0.210156 0.887891 0.267969 0.887891 0.267969 0.965234 0.210156 0.965234
1 0.958203 0.073047 0.999609 0.073047 0.999609 0.189453 0.958203 0.189453
1 0.791797 0.018750 0.881641 0.018750 0.881641 0.112500 0.791797 0.112500
1 0.839453 0.190234 0.899609 0.190234 0.899609 0.283203 0.839453 0.283203
1 0.846094 0.654687 0.886719 0.654687 0.886719 0.739063 0.846094 0.739063
1 0.318359 0.010547 0.412891 0.010547 0.412891 0.094141 0.318359 0.094141
