1 0.450391 0.333984 0.499609 0.333984 0.499609 0.411328 0.450391 0.411328
1 0.487500 0.188281 0.528125 0.188281 0.528125 0.271094 0.487500 0.271094
1 0.353906 0.179297 0.400781 0.179297 0.400781 0.216016 0.353906 0.216016
1 0.279297 0.104297 0.333203 0.104297 0.333203 0.172266 0.279297 0.172266
1 0.354297 0.296484 0.387891 0.296484 0.387891 0.334766 0.354297 0.334766
1 0.258594 0.323438 0.313281 0.323438 0.313281 0.406250 0.258594 0.406250
1 0.301953 0.471484 0.349609 0.471484 0.349609 0.542578 0.301953 0.542578
1 0.285547 0.521094 0.358203 0.521094 0.358203 0.597656 0.285547 0.597656
1 0.352344 0.487500 0.417969 0.487500 0.417969 0.564063 0.352344 0.564063
1 0.531641 0.571484 0.571484 0.571484 0.571484 0.645703 0.531641 0.645703
1 0.448047 0.754687 0.509766 0.754687 0.509766 0.859375 0.448047 0.859375
1 0.507422 0.842187 0.526953 0.842187 0.526953 0.965625 0.507422 0.965625
1 0.281250 0.675000 0.328125 0.675000 0.328125 0.740625 0.281250 0.740625
1 0.326953 0.658984 0.374609 0.658984 0.374609 0.722266 0.326953 0.722266
1 0.360156 0.602734 0.424219 0.602734 0.424219 0.687891 0.360156 0.687891
1 0.358203 0.829687 0.457422 0.829687 0.457422 1.000000 0.358203 1.000000
1 0.510547 0.286328 0.539453 0.286328 0.539453 0.352734 0.510547 0.352734
