1 0.205859 0.288281 0.312891 0.288281 0.312891 0.394531 0.205859 0.394531
1 0.231641 0.050391 0.296484 0.050391 0.296484 0.105859 0.231641 0.105859
1 0.285547 0.117188 0.330078 0.117188 0.330078 0.153125 0.285547 0.153125
1 0.305859 0.210938 0.342578 0.210938 0.342578 0.256250 0.305859 0.256250
1 0.387891 0.262891 0.449609 0.262891 0.449609 0.360547 0.387891 0.360547
1 0.081250 0.500781 0.178125 0.500781 0.178125 0.597656 0.081250 0.597656
1 0.123047 0.785938 0.258203 0.785938 0.258203 0.912500 0.123047 0.912500
1 0.364453 0.489844 0.457422 0.489844 0.457422 0.550781 0.364453 0.550781
1 0.535547 0.392188 0.589453 0.392188 0.589453 0.460938 0.535547 0.460938
1 0.726953 0.193750 0.774609 0.193750 0.774609 0.265625 0.726953 0.265625
1 0.797656 0.260937 0.844531 0.260937 0.844531 0.329687 0.797656 0.329687
1 0.762109 0.365234 0.816016 0.365234 0.816016 0.419141 0.762109 0.419141
1 0.891797 0.116797 0.937891 0.116797 0.937891 0.195703 0.891797 0.195703
1 0.627344 0.540234 0.688281 0.540234 0.688281 0.595703 0.627344 0.595703
1 0.524609 0.625391 0.591016 0.625391 0.591016 0.704297 0.524609 0.704297
1 0.426953 0.852734 0.526172 0.852734 0.526172 0.969141 0.426953 0.969141
1 0.360547 0.619141 0.416016 0.619141 0.416016 0.677734 0.360547 0.677734
1 0.146094 0.400000 0.211719 0.400000 0.211719 0.464062 0.146094 0.464062
1 0.412891 0.139844 0.448047 0.139844 0.448047 0.177344 0.412891 0.177344
1 0.358203 0.177344 0.402734 0.177344 0.402734 0.221094 0.358203 0.221094
1 0.525000 0.146094 0.576562 0.146094 0.576562 0.199219 0.525000 0.199219
1 0.883203 0.221484 0.921484 0.221484 0.921484 0.262891 0.883203 0.262891
1 0.494141 0.258594 0.549609 0.258594 0.549609 0.300781 0.494141 0.300781
1 0.477344 0.329687 0.516406 0.329687 0.516406 0.364063 0.477344 0.364063
1 0.423438 0.700391 0.478125 0.700391 0.478125 0.757422 0.423438 0.757422
1 0.187109 0.630078 0.262891 0.630078 0.262891 0.705859 0.187109 0.705859
1 0.089453 0.608594 0.152734 0.608594 0.152734 0.657031 0.089453 0.657031
1 0.800391 0.504297 0.846484 0.504297 0.846484 0.598828 0.800391 0.598828
1 0.606250 0.308594 0.660937 0.308594 0.660937 0.374219 0.606250 0.374219
