1 0.573438 0.337891 0.653125 0.337891 0.653125 0.410547 0.573438 0.410547
1 0.448047 0.050391 0.559766 0.050391 0.559766 0.123047 0.448047 0.123047
1 0.154297 0.221094 0.234766 0.221094 0.234766 0.305469 0.154297 0.305469
1 0.239844 0.385937 0.316406 0.385937 0.316406 0.464062 0.239844 0.464062
1 0.335156 0.232031 0.396094 0.232031 0.396094 0.319531 0.335156 0.319531
1 0.473047 0.246094 0.539453 0.246094 0.539453 0.303906 0.473047 0.303906
1 0.450000 0.489844 0.578125 0.489844 0.578125 0.577344 0.450000 0.577344
1 0.098047 0.602734 0.189453 0.602734 0.189453 0.687891 0.098047 0.687891
1 0.368750 0.804688 0.485938 0.804688 0.485938 0.895312 0.368750 0.895312
1 0.645703 0.633594 0.746484 0.633594 0.746484 0.727344 0.645703 0.727344
1 0.691797 0.921484 0.789453 0.921484 0.789453 0.995703 0.691797 0.995703
1 0.868750 0.710547 0.959375 0.710547 0.959375 0.820703 0.868750 0.820703
1 0.936328 0.483594 0.999609 0.483594 0.999609 0.580469 0.936328 0.580469
1 0.882812 0.333594 0.984375 0.333594 0.984375 0.428906 0.882812 0.428906
1 0.833203 0.221094 0.896484 0.221094 0.896484 0.278906 0.833203 0.278906
1 0.953125 0.286328 1.000000 0.286328 1.000000 0.343359 0.953125 0.343359
1 0.900000 0.066797 0.982812 0.066797 0.982812 0.144141 0.900000 0.144141
