1 0.339062 0.350391 0.409375 0.350391 0.409375 0.404297 0.339062 0.404297
1 0.097656 0.004297 0.247656 0.004297 0.247656 0.145703 0.097656 0.145703
1 0.631250 0.196094 0.734375 0.196094 0.734375 0.247656 0.631250 0.247656
1 0.716406 0.086328 0.792969 0.086328 0.792969 0.149609 0.716406 0.149609
1 0.816406 0.127734 0.919531 0.127734 0.919531 0.214453 0.816406 0.214453
1 0.839453 0.242188 0.930859 0.242188 0.930859 0.307813 0.839453 0.307813
1 0.946875 0.359766 1.000000 0.359766 1.000000 0.426172 0.946875 0.426172
1 0.879297 0.408984 0.941016 0.408984 0.941016 0.464453 0.879297 0.464453
1 0.749609 0.533984 0.867578 0.533984 0.867578 0.622266 0.749609 0.622266
1 0.693359 0.788281 0.762891 0.788281 0.762891 0.827344 0.693359 0.827344
1 0.222656 0.621094 0.322656 0.621094 0.322656 0.683594 0.222656 0.683594
