1 0.289844 0.264844 0.363281 0.264844 0.363281 0.352344 0.289844 0.352344
1 0.022656 0.221094 0.075781 0.221094 0.075781 0.327344 0.022656 0.327344
1 0.123047 0.510547 0.189453 0.510547 0.189453 0.620703 0.123047 0.620703
1 0.425000 0.429688 0.504687 0.429688 0.504687 0.535937 0.425000 0.535937
1 0.587500 0.343750 0.660938 0.343750 0.660938 0.415625 0.587500 0.415625
1 0.694141 0.450000 0.744922 0.450000 0.744922 0.517188 0.694141 0.517188
1 0.889453 0.431250 0.976172 0.431250 0.976172 0.565625 0.889453 0.565625
1 0.671094 0.598437 0.744531 0.598437 0.744531 0.659375 0.671094 0.659375
1 0.691797 0.758594 0.764453 0.758594 0.764453 0.852344 0.691797 0.852344
1 0.530859 0.667188 0.612891 0.667188 0.612891 0.768750 0.530859 0.768750
1 0.327344 0.816797 0.389844 0.816797 0.389844 0.898828 0.327344 0.898828
1 0.724609 0.087500 0.789453 0.087500 0.789453 0.162500 0.724609 0.162500
1 0.583203 0.010937 0.657422 0.010937 0.657422 0.132812 0.583203 0.132812
1 0.180859 0.027734 0.289453 0.027734 0.289453 0.142578 0.180859 0.142578
1 0.860156 0.021484 0.925781 0.021484 0.925781 0.111328 0.860156 0.111328
1 0.680859 0.004297 0.739453 0.004297 0.739453 0.070703 0.680859 0.070703
1 0.456641 0.000000 0.519922 0.000000 0.519922 0.064062 0.456641 0.064062
1 0.542188 0.400391 0.578125 0.400391 0.578125 0.483984 0.542188 0.483984
1 0.525391 0.777734 0.573047 0.777734 0.573047 0.844141 0.525391 0.844141
