1 0.464453 0.498047 0.548047 0.498047 0.548047 0.569141 0.464453 0.569141
1 0.147656 0.243750 0.246094 0.243750 0.246094 0.315625 0.147656 0.315625
1 0.160547 0.383594 0.237891 0.383594 0.237891 0.472656 0.160547 0.472656
1 0.231641 0.368750 0.323047 0.368750 0.323047 0.465625 0.231641 0.465625
1 0.341406 0.252734 0.399219 0.252734 0.399219 0.314453 0.341406 0.314453
1 0.430859 0.033594 0.566016 0.033594 0.566016 0.128906 0.430859 0.128906
1 0.477344 0.239844 0.538281 0.239844 0.538281 0.296094 0.477344 0.296094
1 0.576953 0.325781 0.648047 0.325781 0.648047 0.422656 0.576953 0.422656
1 0.818359 0.177734 0.916016 0.177734 0.916016 0.291016 0.818359 0.291016
1 0.868750 0.335938 0.982812 0.335938 0.982812 0.431250 0.868750 0.431250
1 0.912500 0.459375 1.000000 0.459375 1.000000 0.595313 0.912500 0.595313
1 0.646094 0.630078 0.716406 0.630078 0.716406 0.705859 0.646094 0.705859
1 0.860547 0.717187 0.961328 0.717187 0.961328 0.818750 0.860547 0.818750
1 0.381250 0.812500 0.507812 0.812500 0.507812 0.870313 0.381250 0.870313
1 0.097656 0.588281 0.196094 0.588281 0.196094 0.696094 0.097656 0.696094
1 0.674609 0.923437 0.791016 0.923437 0.791016 1.000000 0.674609 1.000000
1 0.891406 0.100781 0.972656 0.100781 0.972656 0.141406 0.891406 0.141406
