1 0.347656 0.445703 0.425781 0.445703 0.425781 0.508984 0.347656 0.508984
1 0.498047 0.360937 0.583203 0.360937 0.583203 0.432812 0.498047 0.432812
1 0.468359 0.287500 0.516016 0.287500 0.516016 0.362500 0.468359 0.362500
1 0.531641 0.296094 0.596484 0.296094 0.596484 0.352344 0.531641 0.352344
1 0.180859 0.350000 0.262891 0.350000 0.262891 0.414062 0.180859 0.414062
1 0.178906 0.483984 0.274219 0.483984 0.274219 0.566016 0.178906 0.566016
1 0.780859 0.471484 0.867578 0.471484 0.867578 0.514453 0.780859 0.514453
1 0.566406 0.531641 0.649219 0.531641 0.649219 0.583984 0.566406 0.583984
1 0.864844 0.494141 0.944531 0.494141 0.944531 0.537109 0.864844 0.537109
1 0.414844 0.512891 0.491406 0.512891 0.491406 0.562109 0.414844 0.562109
1 0.322656 0.271094 0.371094 0.271094 0.371094 0.321094 0.322656 0.321094
1 0.114844 0.300781 0.163281 0.300781 0.163281 0.346094 0.114844 0.346094
1 0.829297 0.360938 0.864453 0.360938 0.864453 0.389062 0.829297 0.389062
1 0.899609 0.373437 0.991016 0.373437 0.991016 0.437500 0.899609 0.437500
1 0.604297 0.362500 0.659766 0.362500 0.659766 0.414062 0.604297 0.414062
1 0.691406 0.354297 0.742969 0.354297 0.742969 0.394141 0.691406 0.394141
1 0.651953 0.308984 0.699609 0.308984 0.699609 0.359766 0.651953 0.359766
1 0.673047 0.279297 0.736328 0.279297 0.736328 0.345703 0.673047 0.345703
1 0.462500 0.452344 0.510937 0.452344 0.510937 0.480469 0.462500 0.480469
1 0.293359 0.358984 0.339453 0.358984 0.339453 0.394141 0.293359 0.394141
