1 0.435547 0.418750 0.481641 0.418750 0.481641 0.490625 0.435547 0.490625
1 0.291406 0.394141 0.342969 0.394141 0.342969 0.535547 0.291406 0.535547
1 0.356250 0.462500 0.403125 0.462500 0.403125 0.565625 0.356250 0.565625
1 0.495703 0.619531 0.546484 0.619531 0.546484 0.699219 0.495703 0.699219
1 0.316797 0.763281 0.380078 0.763281 0.380078 0.874219 0.316797 0.874219
1 0.178906 0.725391 0.249219 0.725391 0.249219 0.815234 0.178906 0.815234
1 0.114453 0.844141 0.174609 0.844141 0.174609 0.915234 0.114453 0.915234
1 0.071094 0.510937 0.139844 0.510937 0.139844 0.607812 0.071094 0.607812
1 0.587891 0.212891 0.646484 0.212891 0.646484 0.305859 0.587891 0.305859
1 0.595703 0.325391 0.655859 0.325391 0.655859 0.433984 0.595703 0.433984
1 0.837109 0.110547 0.912891 0.110547 0.912891 0.219141 0.837109 0.219141
1 0.839844 0.371484 0.888281 0.371484 0.888281 0.470703 0.839844 0.470703
1 0.785156 0.446484 0.842969 0.446484 0.842969 0.566016 0.785156 0.566016
1 0.872656 0.562891 0.917969 0.562891 0.917969 0.662109 0.872656 0.662109
1 0.923047 0.504297 0.980078 0.504297 0.980078 0.619141 0.923047 0.619141
1 0.878906 0.296484 0.942969 0.296484 0.942969 0.394141 0.878906 0.394141
1 0.660156 0.244141 0.719531 0.244141 0.719531 0.351172 0.660156 0.351172
1 0.691797 0.441797 0.764453 0.441797 0.764453 0.547266 0.691797 0.547266
1 0.556250 0.491797 0.632812 0.491797 0.632812 0.573828 0.556250 0.573828
1 0.220312 0.589844 0.284375 0.589844 0.284375 0.674219 0.220312 0.674219
1 0.414453 0.621094 0.476172 0.621094 0.476172 0.727344 0.414453 0.727344
1 0.105859 0.750781 0.162891 0.750781 0.162891 0.822656 0.105859 0.822656
1 0.523438 0.493750 0.553125 0.493750 0.553125 0.568750 0.523438 0.568750
1 0.791797 0.177734 0.833203 0.177734 0.833203 0.239453 0.791797 0.239453
