1 0.603906 0.164453 0.725781 0.164453 0.725781 0.357422 0.603906 0.357422
1 0.443750 0.256250 0.553125 0.256250 0.553125 0.464063 0.443750 0.464063
1 0.202344 0.379688 0.288281 0.379688 0.288281 0.490625 0.202344 0.490625
1 0.252344 0.566797 0.338281 0.566797 0.338281 0.673828 0.252344 0.673828
1 0.444141 0.563281 0.519922 0.563281 0.519922 0.674219 0.444141 0.674219
1 0.078906 0.729297 0.172656 0.729297 0.172656 0.801953 0.078906 0.801953
1 0.000391 0.810547 0.073047 0.810547 0.073047 0.953516 0.000391 0.953516
1 0.143359 0.910547 0.192578 0.910547 0.192578 0.978516 0.143359 0.978516
1 0.612109 0.917188 0.641016 0.917188 0.641016 0.964063 0.612109 0.964063
1 0.939844 0.304688 0.991406 0.304688 0.991406 0.404687 0.939844 0.404687
1 0.737500 0.012500 0.810937 0.012500 0.810937 0.139062 0.737500 0.139062
1 0.364453 0.162891 0.426172 0.162891 0.426172 0.258984 0.364453 0.258984
1 0.114844 0.273438 0.161719 0.273438 0.161719 0.364062 0.114844 0.364062
