1 0.322656 0.362891 0.397656 0.362891 0.397656 0.404297 0.322656 0.404297
1 0.335156 0.458594 0.371094 0.458594 0.371094 0.482031 0.335156 0.482031
1 0.391406 0.521094 0.446094 0.521094 0.446094 0.552344 0.391406 0.552344
1 0.418359 0.562891 0.467578 0.562891 0.467578 0.582422 0.418359 0.582422
1 0.470703 0.596484 0.521484 0.596484 0.521484 0.619141 0.470703 0.619141
1 0.314453 0.739844 0.399609 0.739844 0.399609 0.775781 0.314453 0.775781
1 0.305859 0.200781 0.342578 0.200781 0.342578 0.219531 0.305859 0.219531
1 0.466406 0.033594 0.519531 0.033594 0.519531 0.067969 0.466406 0.067969
1 0.412109 0.216797 0.439453 0.216797 0.439453 0.248828 0.412109 0.248828
1 0.398047 0.302734 0.456641 0.302734 0.456641 0.337891 0.398047 0.337891
