1 0.689844 0.304688 0.792969 0.304688 0.792969 0.409375 0.689844 0.409375
1 0.835547 0.506250 0.930078 0.506250 0.930078 0.592187 0.835547 0.592187
1 0.739453 0.779687 0.874609 0.779687 0.874609 0.893750 0.739453 0.893750
1 0.473047 0.871484 0.606641 0.871484 0.606641 0.972266 0.473047 0.972266
1 0.312500 0.538281 0.384375 0.538281 0.384375 0.597656 0.312500 0.597656
1 0.429297 0.631641 0.487891 0.631641 0.487891 0.704297 0.429297 0.704297
1 0.556250 0.473828 0.632812 0.473828 0.632812 0.554297 0.556250 0.554297
1 0.539453 0.262891 0.626172 0.262891 0.626172 0.349609 0.539453 0.349609
1 0.602344 0.242187 0.636719 0.242187 0.636719 0.278125 0.602344 0.278125
1 0.604297 0.179297 0.636328 0.179297 0.636328 0.217578 0.604297 0.217578
1 0.673437 0.117188 0.703125 0.117188 0.703125 0.159375 0.673437 0.159375
1 0.708203 0.071094 0.757422 0.071094 0.757422 0.102344 0.708203 0.102344
1 0.229297 0.217188 0.283203 0.217188 0.283203 0.262500 0.229297 0.262500
1 0.148047 0.265234 0.212891 0.265234 0.212891 0.317578 0.148047 0.317578
1 0.050391 0.223438 0.124609 0.223438 0.124609 0.257812 0.050391 0.257812
1 0.060547 0.121484 0.109766 0.121484 0.109766 0.183203 0.060547 0.183203
1 0.056641 0.282031 0.096484 0.282031 0.096484 0.319531 0.056641 0.319531
1 0.147656 0.496094 0.225781 0.496094 0.225781 0.607031 0.147656 0.607031
1 0.181250 0.369531 0.231250 0.369531 0.231250 0.422656 0.181250 0.422656
1 0.337500 0.330078 0.401562 0.330078 0.401562 0.377734 0.337500 0.377734
1 0.400000 0.400781 0.457813 0.400781 0.457813 0.447656 0.400000 0.447656
1 0.539453 0.716797 0.582422 0.716797 0.582422 0.751953 0.539453 0.751953
1 0.445703 0.758594 0.501172 0.758594 0.501172 0.810156 0.445703 0.810156
1 0.878906 0.623437 0.922656 0.623437 0.922656 0.659375 0.878906 0.659375
1 0.739844 0.629687 0.813281 0.629687 0.813281 0.710938 0.739844 0.710938
1 0.605859 0.631641 0.664453 0.631641 0.664453 0.660547 0.605859 0.660547
1 0.444141 0.260938 0.523047 0.260938 0.523047 0.312500 0.444141 0.312500
1 0.473047 0.329297 0.539453 0.329297 0.539453 0.375391 0.473047 0.375391
1 0.530859 0.196094 0.566016 0.196094 0.566016 0.224219 0.530859 0.224219
1 0.544141 0.144141 0.599609 0.144141 0.599609 0.176172 0.544141 0.176172
1 0.650000 0.210938 0.682812 0.210938 0.682812 0.256250 0.650000 0.256250
1 0.806641 0.273438 0.844922 0.273438 0.844922 0.329688 0.806641 0.329688
1 0.818750 0.410938 0.856250 0.410938 0.856250 0.464062 0.818750 0.464062
1 0.831250 0.946484 0.878125 0.946484 0.878125 0.997266 0.831250 0.997266
1 0.687891 0.525391 0.719922 0.525391 0.719922 0.577734 0.687891 0.577734
