1 0.489453 0.396094 0.630859 0.396094 0.630859 0.480469 0.489453 0.480469
1 0.195703 0.354297 0.323047 0.354297 0.323047 0.422266 0.195703 0.422266
1 0.087500 0.227344 0.204687 0.227344 0.204687 0.303906 0.087500 0.303906
1 0.031250 0.086328 0.179688 0.086328 0.179688 0.199609 0.031250 0.199609
1 0.514453 0.160938 0.651172 0.160938 0.651172 0.229687 0.514453 0.229687
1 0.016797 0.546094 0.111328 0.546094 0.111328 0.602344 0.016797 0.602344
1 0.278906 0.733984 0.349219 0.733984 0.349219 0.791016 0.278906 0.791016
1 0.370703 0.450781 0.473047 0.450781 0.473047 0.519531 0.370703 0.519531
1 0.493750 0.546094 0.579688 0.546094 0.579688 0.600781 0.493750 0.600781
1 0.564844 0.511328 0.619531 0.511328 0.619531 0.554297 0.564844 0.554297
1 0.568359 0.915234 0.717578 0.915234 0.717578 0.994141 0.568359 0.994141
