1 0.523047 0.450391 0.739453 0.450391 0.739453 0.533984 0.523047 0.533984
1 0.614453 0.279688 0.782422 0.279688 0.782422 0.387500 0.614453 0.387500
1 0.312500 0.479688 0.426562 0.479688 0.426562 0.557813 0.312500 0.557813
1 0.337500 0.677734 0.431250 0.677734 0.431250 0.762891 0.337500 0.762891
1 0.505859 0.717187 0.614453 0.717187 0.614453 0.784375 0.505859 0.784375
1 0.748047 0.592188 0.814453 0.592188 0.814453 0.632812 0.748047 0.632812
1 0.000000 0.804297 0.101562 0.804297 0.101562 0.847266 0.000000 0.847266
1 0.197656 0.860937 0.296094 0.860937 0.296094 0.890625 0.197656 0.890625
1 0.047656 0.954687 0.174219 0.954687 0.174219 1.000000 0.047656 1.000000
1 0.024609 0.336328 0.092578 0.336328 0.092578 0.402734 0.024609 0.402734
1 0.598047 0.002344 0.708203 0.002344 0.708203 0.078906 0.598047 0.078906
1 0.893750 0.212500 0.959375 0.212500 0.959375 0.262500 0.893750 0.262500
1 0.653906 0.846094 0.721094 0.846094 0.721094 0.885156 0.653906 0.885156
