1 0.364844 0.677734 0.413281 0.677734 0.413281 0.795703 0.364844 0.795703
1 0.523047 0.475000 0.580078 0.475000 0.580078 0.589062 0.523047 0.589062
1 0.589062 0.415234 0.634375 0.415234 0.634375 0.517578 0.589062 0.517578
1 0.650391 0.481641 0.699609 0.481641 0.699609 0.605859 0.650391 0.605859
1 0.454297 0.283594 0.509766 0.283594 0.509766 0.400781 0.454297 0.400781
1 0.153906 0.431641 0.222656 0.431641 0.222656 0.535547 0.153906 0.535547
1 0.016797 0.385938 0.091016 0.385938 0.091016 0.484375 0.016797 0.484375
1 0.091797 0.348438 0.161328 0.348438 0.161328 0.440625 0.091797 0.440625
1 0.116797 0.525781 0.184766 0.525781 0.184766 0.621094 0.116797 0.621094
1 0.095703 0.787891 0.154297 0.787891 0.154297 0.888672 0.095703 0.888672
1 0.072656 0.612891 0.119531 0.612891 0.119531 0.685547 0.072656 0.685547
1 0.287891 0.664844 0.324609 0.664844 0.324609 0.752344 0.287891 0.752344
1 0.333203 0.585547 0.402734 0.585547 0.402734 0.672266 0.333203 0.672266
1 0.247656 0.463281 0.297656 0.463281 0.297656 0.546094 0.247656 0.546094
1 0.635547 0.135938 0.684766 0.135938 0.684766 0.232813 0.635547 0.232813
1 0.839844 0.098047 0.892969 0.098047 0.892969 0.169141 0.839844 0.169141
1 0.729687 0.198047 0.803125 0.198047 0.803125 0.267578 0.729687 0.267578
1 0.724609 0.333984 0.764453 0.333984 0.764453 0.409766 0.724609 0.409766
1 0.512891 0.271094 0.574609 0.271094 0.574609 0.352344 0.512891 0.352344
1 0.881250 0.396094 0.928125 0.396094 0.928125 0.474219 0.881250 0.474219
1 0.802344 0.029297 0.867969 0.029297 0.867969 0.097266 0.802344 0.097266
1 0.177344 0.755078 0.214844 0.755078 0.214844 0.832422 0.177344 0.832422
1 0.089844 0.739844 0.136719 0.739844 0.136719 0.785156 0.089844 0.785156
1 0.064062 0.937891 0.134375 0.937891 0.134375 0.999609 0.064062 0.999609
1 0.250391 0.973437 0.299609 0.973437 0.299609 1.000000 0.250391 1.000000
1 0.498047 0.850781 0.537891 0.850781 0.537891 0.903906 0.498047 0.903906
1 0.714453 0.904687 0.755859 0.904687 0.755859 0.970313 0.714453 0.970313
1 0.803906 0.535938 0.847656 0.535938 0.847656 0.587500 0.803906 0.587500
