1 0.497656 0.512500 0.594531 0.512500 0.594531 0.565625 0.497656 0.565625
1 0.433203 0.596484 0.532422 0.596484 0.532422 0.637891 0.433203 0.637891
1 0.470703 0.646484 0.580859 0.646484 0.580859 0.697266 0.470703 0.697266
1 0.331641 0.721094 0.398047 0.721094 0.398047 0.755469 0.331641 0.755469
1 0.404297 0.883594 0.456641 0.883594 0.456641 0.910156 0.404297 0.910156
1 0.079297 0.836719 0.166016 0.836719 0.166016 0.877344 0.079297 0.877344
1 0.206250 0.760937 0.256250 0.760937 0.256250 0.790625 0.206250 0.790625
1 0.147656 0.633984 0.222656 0.633984 0.222656 0.667578 0.147656 0.667578
1 0.048047 0.814844 0.086328 0.814844 0.086328 0.857031 0.048047 0.857031
1 0.298047 0.530078 0.358203 0.530078 0.358203 0.579297 0.298047 0.579297
1 0.281250 0.456641 0.379687 0.456641 0.379687 0.502734 0.281250 0.502734
1 0.585938 0.348047 0.678125 0.348047 0.678125 0.392578 0.585938 0.392578
1 0.698047 0.362891 0.783203 0.362891 0.783203 0.405859 0.698047 0.405859
1 0.437109 0.160547 0.517578 0.160547 0.517578 0.216016 0.437109 0.216016
1 0.539453 0.121484 0.623047 0.121484 0.623047 0.167578 0.539453 0.167578
1 0.775391 0.098828 0.894922 0.098828 0.894922 0.151172 0.775391 0.151172
1 0.341797 0.096094 0.416016 0.096094 0.416016 0.138281 0.341797 0.138281
1 0.395703 0.025781 0.479297 0.025781 0.479297 0.071094 0.395703 0.071094
1 0.439844 0.382031 0.492969 0.382031 0.492969 0.421094 0.439844 0.421094
1 0.493750 0.262500 0.532813 0.262500 0.532813 0.289062 0.493750 0.289062
1 0.673047 0.298047 0.737891 0.298047 0.737891 0.322266 0.673047 0.322266
1 0.776953 0.171094 0.848047 0.171094 0.848047 0.224219 0.776953 0.224219
1 0.610156 0.062500 0.674219 0.062500 0.674219 0.109375 0.610156 0.109375
