1 0.480859 0.335938 0.562891 0.335938 0.562891 0.434375 0.480859 0.434375
1 0.452344 0.179688 0.514844 0.179688 0.514844 0.264062 0.452344 0.264062
1 0.658203 0.477734 0.702734 0.477734 0.702734 0.519141 0.658203 0.519141
1 0.580859 0.494531 0.642578 0.494531 0.642578 0.575781 0.580859 0.575781
1 0.405859 0.558594 0.466016 0.558594 0.466016 0.649219 0.405859 0.649219
1 0.670703 0.537891 0.707422 0.537891 0.707422 0.580859 0.670703 0.580859
1 0.506641 0.473438 0.549609 0.473438 0.549609 0.509375 0.506641 0.509375
1 0.605859 0.167187 0.641016 0.167187 0.641016 0.285938 0.605859 0.285938
1 0.695703 0.317578 0.730859 0.317578 0.730859 0.377734 0.695703 0.377734
1 0.608594 0.294531 0.666406 0.294531 0.666406 0.344531 0.608594 0.344531
1 0.479297 0.746094 0.533203 0.746094 0.533203 0.877344 0.479297 0.877344
1 0.448047 0.856250 0.505078 0.856250 0.505078 0.945312 0.448047 0.945312
1 0.597656 0.829688 0.650781 0.829688 0.650781 0.892188 0.597656 0.892188
1 0.568750 0.902344 0.629688 0.902344 0.629688 0.977344 0.568750 0.977344
1 0.605859 0.615234 0.642578 0.615234 0.642578 0.647266 0.605859 0.647266
1 0.647656 0.650391 0.671094 0.650391 0.671094 0.687109 0.647656 0.687109
1 0.606250 0.688281 0.656250 0.688281 0.656250 0.747656 0.606250 0.747656
1 0.664062 0.683594 0.709375 0.683594 0.709375 0.733594 0.664062 0.733594
1 0.503906 0.639844 0.567969 0.639844 0.567969 0.705469 0.503906 0.705469
1 0.462500 0.517188 0.553125 0.517188 0.553125 0.610938 0.462500 0.610938
1 0.673047 0.106641 0.708203 0.106641 0.708203 0.174609 0.673047 0.174609
1 0.637500 0.029687 0.681250 0.029687 0.681250 0.104687 0.637500 0.104687
1 0.500000 0.000391 0.559375 0.000391 0.559375 0.046484 0.500000 0.046484
1 0.528906 0.796484 0.571094 0.796484 0.571094 0.864453 0.528906 0.864453
1 0.566797 0.804688 0.608203 0.804688 0.608203 0.862500 0.566797 0.862500
1 0.339453 0.948438 0.379297 0.948438 0.379297 1.000000 0.339453 1.000000
