1 0.531641 0.425000 0.724609 0.425000 0.724609 0.539062 0.531641 0.539062
1 0.606641 0.594141 0.798047 0.594141 0.798047 0.732422 0.606641 0.732422
1 0.303906 0.250781 0.447656 0.250781 0.447656 0.344531 0.303906 0.344531
1 0.310156 0.437891 0.417969 0.437891 0.417969 0.529297 0.310156 0.529297
1 0.506641 0.208594 0.623047 0.208594 0.623047 0.277344 0.506641 0.277344
1 0.726953 0.362891 0.832422 0.362891 0.832422 0.430859 0.726953 0.430859
1 0.599609 0.912500 0.716016 0.912500 0.716016 0.996875 0.599609 0.996875
1 0.885547 0.727344 0.980078 0.727344 0.980078 0.807031 0.885547 0.807031
1 0.042578 0.000000 0.180859 0.000000 0.180859 0.032813 0.042578 0.032813
1 0.196094 0.102734 0.289844 0.102734 0.289844 0.158203 0.196094 0.158203
1 0.014453 0.144141 0.102734 0.144141 0.102734 0.204297 0.014453 0.204297
