1 0.306250 0.265234 0.356250 0.265234 0.356250 0.337891 0.306250 0.337891
1 0.348047 0.317187 0.386328 0.317187 0.386328 0.382812 0.348047 0.382812
1 0.408203 0.302734 0.471484 0.302734 0.471484 0.411328 0.408203 0.411328
1 0.612500 0.506641 0.653125 0.506641 0.653125 0.582422 0.612500 0.582422
1 0.523047 0.646484 0.561328 0.646484 0.561328 0.741016 0.523047 0.741016
1 0.124609 0.379297 0.217578 0.379297 0.217578 0.472266 0.124609 0.472266
1 0.127344 0.275391 0.161719 0.275391 0.161719 0.352734 0.127344 0.352734
1 0.078906 0.280078 0.124219 0.280078 0.124219 0.352734 0.078906 0.352734
1 0.023047 0.348047 0.055078 0.348047 0.055078 0.423828 0.023047 0.423828
1 0.037109 0.496094 0.091016 0.496094 0.091016 0.578906 0.037109 0.578906
