1 0.283203 0.169922 0.480859 0.169922 0.480859 0.262891 0.283203 0.262891
1 0.014453 0.383984 0.124609 0.383984 0.124609 0.464453 0.014453 0.464453
1 0.223437 0.588281 0.328125 0.588281 0.328125 0.649219 0.223437 0.649219
1 0.095703 0.700000 0.199609 0.700000 0.199609 0.767188 0.095703 0.767188
1 0.024609 0.798828 0.189453 0.798828 0.189453 0.905859 0.024609 0.905859
1 0.378125 0.487891 0.454687 0.487891 0.454687 0.526172 0.378125 0.526172
1 0.508203 0.414844 0.598047 0.414844 0.598047 0.453906 0.508203 0.453906
1 0.489453 0.517188 0.573047 0.517188 0.573047 0.592187 0.489453 0.592187
1 0.526563 0.766797 0.659375 0.766797 0.659375 0.847266 0.526563 0.847266
1 0.585547 0.027734 0.708203 0.027734 0.708203 0.087891 0.585547 0.087891
