1 0.248047 0.135547 0.305078 0.135547 0.305078 0.242578 0.248047 0.242578
1 0.256641 0.333984 0.321484 0.333984 0.321484 0.384766 0.256641 0.384766
1 0.039453 0.452344 0.099609 0.452344 0.099609 0.550781 0.039453 0.550781
1 0.255859 0.477734 0.317578 0.477734 0.317578 0.541016 0.255859 0.541016
1 0.339844 0.583594 0.419531 0.583594 0.419531 0.652344 0.339844 0.652344
1 0.214453 0.817187 0.271484 0.817187 0.271484 0.914062 0.214453 0.914062
1 0.073047 0.881641 0.130078 0.881641 0.130078 0.966797 0.073047 0.966797
1 0.276562 0.950000 0.346875 0.950000 0.346875 1.000000 0.276562 1.000000
1 0.351562 0.883594 0.409375 0.883594 0.409375 0.980469 0.351562 0.980469
1 0.503516 0.472266 0.566797 0.472266 0.566797 0.557422 0.503516 0.557422
1 0.422656 0.518750 0.475781 0.518750 0.475781 0.589063 0.422656 0.589063
1 0.399609 0.218750 0.442578 0.218750 0.442578 0.310937 0.399609 0.310937
1 0.412500 0.150391 0.478125 0.150391 0.478125 0.232422 0.412500 0.232422
1 0.607812 0.100000 0.684375 0.100000 0.684375 0.185938 0.607812 0.185938
1 0.812891 0.392578 0.873047 0.392578 0.873047 0.479297 0.812891 0.479297
1 0.641797 0.621484 0.708203 0.621484 0.708203 0.745703 0.641797 0.745703
1 0.737109 0.844531 0.792578 0.844531 0.792578 0.949219 0.737109 0.949219
1 0.492188 0.938281 0.553125 0.938281 0.553125 0.999219 0.492188 0.999219
1 0.914844 0.671094 0.969531 0.671094 0.969531 0.757031 0.914844 0.757031
