1 0.576953 0.492188 0.646484 0.492188 0.646484 0.557813 0.576953 0.557813
1 0.729297 0.456641 0.811328 0.456641 0.811328 0.510547 0.729297 0.510547
1 0.785156 0.596094 0.825781 0.596094 0.825781 0.633594 0.785156 0.633594
1 0.658594 0.606250 0.711719 0.606250 0.711719 0.642188 0.658594 0.642188
1 0.725391 0.592187 0.773047 0.592187 0.773047 0.642188 0.725391 0.642188
1 0.833203 0.665234 0.879297 0.665234 0.879297 0.691016 0.833203 0.691016
1 0.439453 0.600391 0.507422 0.600391 0.507422 0.633984 0.439453 0.633984
1 0.069141 0.461328 0.148047 0.461328 0.148047 0.504297 0.069141 0.504297
1 0.345703 0.421094 0.432422 0.421094 0.432422 0.474219 0.345703 0.474219
1 0.139844 0.489844 0.244531 0.489844 0.244531 0.533594 0.139844 0.533594
1 0.123047 0.612891 0.187891 0.612891 0.187891 0.658984 0.123047 0.658984
1 0.256250 0.604297 0.309375 0.604297 0.309375 0.651953 0.256250 0.651953
1 0.339453 0.593750 0.402734 0.593750 0.402734 0.640625 0.339453 0.640625
1 0.412500 0.658984 0.481250 0.658984 0.481250 0.719141 0.412500 0.719141
1 0.457813 0.643750 0.534375 0.643750 0.534375 0.693750 0.457813 0.693750
1 0.628906 0.696484 0.675781 0.696484 0.675781 0.722266 0.628906 0.722266
1 0.912500 0.648438 0.960938 0.648438 0.960938 0.682813 0.912500 0.682813
1 0.264063 0.660937 0.309375 0.660937 0.309375 0.687500 0.264063 0.687500
1 0.031250 0.589844 0.101562 0.589844 0.101562 0.627344 0.031250 0.627344
1 0.060547 0.541797 0.108203 0.541797 0.108203 0.573828 0.060547 0.573828
1 0.156641 0.544141 0.194922 0.544141 0.194922 0.577734 0.156641 0.577734
1 0.324609 0.504297 0.364453 0.504297 0.364453 0.548828 0.324609 0.548828
1 0.445703 0.488281 0.477734 0.488281 0.477734 0.521094 0.445703 0.521094
1 0.491797 0.513281 0.514453 0.513281 0.514453 0.547656 0.491797 0.547656
1 0.655859 0.463281 0.692578 0.463281 0.692578 0.497656 0.655859 0.497656
1 0.818359 0.454688 0.866016 0.454688 0.866016 0.507812 0.818359 0.507812
1 0.971094 0.512891 0.994531 0.512891 0.994531 0.552734 0.971094 0.552734
