1 0.601953 0.592187 0.657422 0.592187 0.657422 0.662500 0.601953 0.662500
1 0.762891 0.871094 0.898047 0.871094 0.898047 0.980469 0.762891 0.980469
1 0.226953 0.717578 0.404297 0.717578 0.404297 0.830859 0.226953 0.830859
1 0.048047 0.673828 0.156641 0.673828 0.156641 0.754297 0.048047 0.754297
1 0.101953 0.785937 0.198047 0.785937 0.198047 0.885938 0.101953 0.885938
1 0.204687 0.837500 0.278125 0.837500 0.278125 0.917187 0.204687 0.917187
1 0.135156 0.362891 0.247656 0.362891 0.247656 0.429297 0.135156 0.429297
1 0.000391 0.567188 0.079297 0.567188 0.079297 0.693750 0.000391 0.693750
1 0.225391 0.144141 0.319922 0.144141 0.319922 0.226172 0.225391 0.226172
1 0.380859 0.144531 0.566016 0.144531 0.566016 0.242969 0.380859 0.242969
1 0.691406 0.317188 0.800781 0.317188 0.800781 0.389063 0.691406 0.389063
